1.16410113,4.31439635e-13
1.16717466,4.63663154e-13
1.1702482,5.21484419e-13
1.17332173,5.80843098e-13
1.17639527,6.38533874e-13
1.1794688,6.96534753e-13
1.18254233,7.58873857e-13
1.18561587,8.32168149e-13
1.1886894,9.28984087e-13
1.19176294,1.07849564e-12
1.19483647,1.36764164e-12
1.19791001,2.18509817e-12
1.20098354,1.0036771e-11
1.20405707,3.97461659e-12
1.20713061,2.15348986e-12
1.21020414,1.90997598e-12
1.21327768,2.09118681e-12
1.21635121,2.77032332e-12
1.21942475,5.56030391e-12
1.22249828,1.3358685e-11
1.22557182,2.34441176e-12
1.22864535,1.10422487e-12
1.23171888,6.59118197e-13
1.23479242,4.63865743e-13
1.23786595,3.86766993e-13
1.24093949,3.71320551e-13
1.24401302,3.85518838e-13
1.24708656,4.1336774e-13
1.25016009,4.49200861e-13
1.25323362,4.93939015e-13
1.25630716,5.55919712e-13
1.25938069,6.61805932e-13
1.26245423,9.14431639e-13
1.26552776,2.07887643e-12
1.2686013,4.38844286e-12
1.27167483,1.31524363e-12
1.27474836,9.7076016e-13
1.2778219,8.91044866e-13
1.28089543,9.00039572e-13
1.28396897,9.72266016e-13
1.2870425,1.14034425e-12
1.29011604,1.5803151e-12
1.29318957,4.2027208e-12
1.2962631,2.45142114e-12
1.29933664,7.52053487e-13
1.30241017,4.73211904e-13
1.30548371,4.19844603e-13
1.30855724,4.22167842e-13
1.31163078,4.36927113e-13
1.31470431,4.52773304e-13
1.31777785,4.66575286e-13
1.32085138,4.77360293e-13
1.32392491,4.8479348e-13
1.32699845,4.89122751e-13
1.33007198,4.92495289e-13
1.33314552,5.03807781e-13
1.33621905,5.53249578e-13
1.33929259,7.21364738e-13
1.34236612,1.15937959e-12
1.34543965,2.06787391e-12
1.34851319,3.4117526e-12
1.35158672,4.04291948e-12
1.35466026,3.17584603e-12
1.35773379,2.04078563e-12
1.36080733,1.26441026e-12
1.36388086,7.96337496e-13
1.36695439,5.23848895e-13
1.37002793,3.82726536e-13
1.37310146,3.37064582e-13
1.376175,3.5125354e-13
1.37924853,3.93968322e-13
1.38232207,4.49455872e-13
1.3853956,5.13670524e-13
1.38846913,5.89169247e-13
1.39154267,6.84465735e-13
1.3946162,8.19065955e-13
1.39768974,1.04381396e-12
1.40076327,1.54142239e-12
1.40383681,3.77183719e-12
1.40691034,4.86257174e-12
1.40998387,1.4477511e-12
1.41305741,1.00351958e-12
1.41613094,9.82662671e-13
1.41920448,1.20821488e-12
1.42227801,1.98520839e-12
1.42535155,1.7030927e-11
1.42842508,1.82944426e-12
1.43149862,7.16456029e-13
1.43457215,3.86743211e-13
1.43764568,2.49413072e-13
1.44071922,2.01199128e-13
1.44379275,2.00844188e-13
1.44686629,2.21242067e-13
1.44993982,2.48982472e-13
1.45301336,2.79609453e-13
1.45608689,3.12619677e-13
1.45916042,3.49549777e-13
1.46223396,3.94068236e-13
1.46530749,4.54159262e-13
1.46838103,5.50217752e-13
1.47145456,7.52861846e-13
1.4745281,1.54040384e-12
1.47760163,3.6817593e-12
1.48067516,8.38258903e-13
1.4837487,5.96935931e-13
1.48682223,5.81560114e-13
1.48989577,6.52473877e-13
1.4929693,8.20266341e-13
1.49604284,1.2510888e-12
1.49911637,4.00454757e-12
1.5021899,2.0544478e-12
1.50526344,6.64539868e-13
1.50833697,3.41805082e-13
1.51141051,2.09747707e-13
1.51448404,1.52463588e-13
1.51755758,1.34736188e-13
1.52063111,1.36913019e-13
1.52370465,1.47121322e-13
1.52677818,1.6001098e-13
1.52985171,1.73844247e-13
1.53292525,1.88616618e-13
1.53599878,2.0554611e-13
1.53907232,2.27720866e-13
1.54214585,2.63002871e-13
1.54521939,3.35626523e-13
1.54829292,5.54190832e-13
1.55136645,2.79477264e-12
1.55443999,1.05325904e-12
1.55751352,5.58444986e-13
1.56058706,4.59430884e-13
1.56366059,4.50199177e-13
1.56673413,5.04366351e-13
1.56980766,6.94124166e-13
1.57288119,1.94288139e-12
1.57595473,1.17988589e-12
1.57902826,4.08929567e-13
1.5821018,2.63390775e-13
1.58517533,2.15506544e-13
1.58824887,1.96497294e-13
1.5913224,1.87786235e-13
1.59439593,1.83078787e-13
1.59746947,1.7997164e-13
1.600543,1.77488309e-13
1.60361654,1.75280062e-13
1.60669007,1.73431995e-13
1.60976361,1.72721354e-13
1.61283714,1.75993515e-13
1.61591068,1.94706019e-13
1.61898421,2.91631948e-13
1.62205774,1.89648257e-12
1.62513128,5.44688211e-13
1.62820481,3.1415181e-13
1.63127835,2.5316448e-13
1.63435188,2.25857357e-13
1.63742542,2.1074648e-13
1.64049895,2.01939579e-13
1.64357248,1.97886022e-13
1.64664602,1.99403499e-13
1.64971955,2.10692983e-13
1.65279309,2.4626261e-13
1.65586662,3.80084106e-13
1.65894016,9.72409022e-12
1.66201369,2.99154906e-13
1.66508722,1.47554104e-13
1.66816076,1.03629157e-13
1.67123429,8.22221699e-14
1.67430783,6.80084705e-14
1.67738136,5.68872463e-14
1.6804549,4.79183314e-14
1.68352843,4.16042945e-14
1.68660196,3.93175694e-14
1.6896755,4.2214976e-14
1.69274903,5.00118683e-14
1.69582257,6.14902094e-14
1.6988961,7.56266452e-14
1.70196964,9.19227217e-14
1.70504317,1.10412984e-13
1.70811671,1.31909814e-13
1.71119024,1.59073769e-13
1.71426377,2.00482516e-13
1.71733731,2.90152403e-13
1.72041084,6.69356101e-13
1.72348438,1.88071741e-12
1.72655791,4.97887751e-13
1.72963145,3.47124628e-13
1.73270498,2.91712363e-13
1.73577851,2.57864183e-13
1.73885205,2.28538304e-13
1.74192558,1.98918226e-13
1.74499912,1.69315797e-13
1.74807265,1.44072142e-13
1.75114619,1.31078808e-13
1.75421972,1.36896508e-13
1.75729325,1.59155246e-13
1.76036679,1.89622044e-13
1.76344032,2.21429827e-13
1.76651386,2.50565014e-13
1.76958739,2.74977089e-13
1.77266093,2.93788835e-13
1.77573446,3.06843146e-13
1.77880799,3.14505114e-13
1.78188153,3.17751498e-13
1.78495506,3.18835207e-13
1.7880286,3.23512886e-13
1.79110213,3.47879171e-13
1.79417567,4.38257296e-13
1.7972492,7.40535435e-13
1.80032274,2.17161361e-12
1.80339627,5.37943101e-12
1.8064698,1.61018204e-12
1.80954334,1.0919983e-12
1.81261687,8.95424254e-13
1.81569041,8.02899333e-13
1.81876394,7.68511519e-13
1.82183748,7.94182448e-13
1.82491101,9.37408474e-13
1.82798454,1.50058995e-12
1.83105808,1.25218367e-11
1.83413161,1.81747719e-12
1.83720515,9.11121123e-13
1.84027868,6.48234966e-13
1.84335222,5.20514551e-13
1.84642575,4.39460307e-13
1.84949928,3.78147284e-13
1.85257282,3.25944814e-13
1.85564635,2.7815237e-13
1.85871989,2.33325792e-13
1.86179342,1.9396437e-13
1.86486696,1.71060276e-13
1.86794049,1.8825862e-13
1.87101402,2.66175973e-13
1.87408756,4.18180323e-13
1.87716109,6.92225122e-13
1.88023463,1.28472383e-12
1.88330816,3.69782242e-12
1.8863817,6.26077368e-12
1.88945523,1.74697406e-12
1.89252877,9.80449682e-13
1.8956023,6.68041619e-13
1.89867583,5.88631746e-13
1.90174937,7.4481402e-13
1.9048229,1.13318291e-12
1.90789644,1.81850113e-12
1.91096997,3.05053441e-12
1.91404351,5.49997825e-12
1.91711704,1.06710227e-11
1.92019057,1.68281397e-11
1.92326411,1.12874342e-11
1.92633764,4.7955011e-12
1.92941118,2.16788681e-12
1.93248471,1.20271797e-12
1.93555825,8.83846679e-13
1.93863178,7.96968752e-13
1.94170531,7.74339648e-13
1.94477885,7.63568459e-13
1.94785238,7.51337779e-13
1.95092592,7.34859663e-13
1.95399945,7.13823662e-13
1.95707299,6.88335101e-13
1.96014652,6.58566035e-13
1.96322005,6.25212118e-13
1.96629359,5.91248713e-13
1.96936712,5.67268671e-13
1.97244066,5.8531106e-13
1.97551419,7.18951355e-13
1.97858773,1.07956927e-12
1.98166126,1.78748057e-12
1.9847348,2.8211334e-12
1.98780833,3.42479104e-12
1.99088186,2.73387846e-12
1.9939554,1.64491212e-12
1.99702893,9.12431828e-13
2.00010247,5.36991781e-13
2.003176,3.97091569e-13
2.00624954,3.79134545e-13
2.00932307,3.97859861e-13
2.0123966,4.18725343e-13
2.01547014,4.33124608e-13
2.01854367,4.39909069e-13
2.02161721,4.39526051e-13
2.02469074,4.32589948e-13
2.02776428,4.1994382e-13
2.03083781,4.04340243e-13
2.03391134,3.98006033e-13
2.03698488,4.55116418e-13
2.04005841,7.9395841e-13
2.04313195,3.01434309e-12
2.04620548,4.31994854e-12
2.04927902,1.82590245e-12
2.05235255,1.37799257e-12
2.05542608,1.2257974e-12
2.05849962,1.20198021e-12
2.06157315,1.31998764e-12
2.06464669,1.89774248e-12
2.06772022,4.88878918e-11
2.07079376,1.00407894e-12
2.07386729,5.57329959e-13
2.07694083,4.78127959e-13
2.08001436,4.53609353e-13
2.08308789,4.37340917e-13
2.08616143,4.20190602e-13
2.08923496,3.99858006e-13
2.0923085,3.75434087e-13
2.09538203,3.46241238e-13
2.09845557,3.11669678e-13
2.1015291,2.71658958e-13
2.10460263,2.28972855e-13
2.10767617,1.98163818e-13
2.1107497,2.24494625e-13
2.11382324,3.62722153e-13
2.11689677,6.60608018e-13
2.11997031,1.28529876e-12
2.12304384,3.05424882e-12
2.12611737,2.60938674e-11
2.12919091,6.89303743e-12
2.13226444,4.20569527e-12
2.13533798,4.58613947e-12
2.13841151,2.22005644e-11
2.14148505,4.32644383e-12
2.14455858,2.13377576e-12
2.14763211,1.59600932e-12
2.15070565,1.36775742e-12
2.15377918,1.24153316e-12
2.15685272,1.15990221e-12
2.15992625,1.10146826e-12
2.16299979,1.05656141e-12
2.16607332,1.02062544e-12
2.16914686,9.94524711e-13
2.17222039,1.00528843e-12
2.17529392,1.39878881e-12
2.17836746,8.72757655e-12
2.18144099,1.89175696e-12
2.18451453,1.52604882e-12
2.18758806,1.45662092e-12
2.1906616,1.49548803e-12
2.19373513,1.64259781e-12
2.19680866,2.01627829e-12
2.1998822,3.35025083e-12
2.20295573,1.76553258e-11
2.20602927,1.38476852e-12
2.2091028,5.60873014e-13
2.21217634,4.05410794e-13
2.21524987,4.09998438e-13
2.2183234,4.39971246e-13
2.22139694,4.67043943e-13
2.22447047,4.87493635e-13
2.22754401,5.019285e-13
2.23061754,5.11457905e-13
2.23369108,5.17083292e-13
2.23676461,5.19872517e-13
2.23983814,5.21889196e-13
2.24291168,5.30001551e-13
2.24598521,5.75740306e-13
2.24905875,8.60685003e-13
2.25213228,7.19017482e-12
2.25520582,1.72519155e-12
2.25827935,1.07450405e-12
2.26135289,9.05067205e-13
2.26442642,8.37905377e-13
2.26749995,8.14107835e-13
2.27057349,8.27345443e-13
2.27364702,9.25243528e-13
2.27672056,1.90128786e-12
2.27979409,7.34767442e-13
2.28286763,5.43638428e-13
2.28594116,5.40055728e-13
2.28901469,5.36334785e-13
2.29208823,5.2630446e-13
2.29516176,5.08987604e-13
2.2982353,4.81846384e-13
2.30130883,4.38634999e-13
2.30438237,3.63603466e-13
2.3074559,2.09248265e-13
2.31052943,3.99198478e-13
2.31360297,4.90824891e-12
2.3166765,1.35262072e-12
2.31975004,1.0363723e-12
2.32282357,9.18604723e-13
2.32589711,8.5743615e-13
2.32897064,8.20282117e-13
2.33204417,7.9564537e-13
2.33511771,7.78472935e-13
2.33819124,7.66244543e-13
2.34126478,7.57628231e-13
2.34433831,7.51951796e-13
2.34741185,7.49003262e-13
2.35048538,7.49023477e-13
2.35355892,7.52919717e-13
2.35663245,7.62978944e-13
2.35970598,7.85301781e-13
2.36277952,8.41127763e-13
2.36585305,1.08062641e-12
2.36892659,2.3453206e-13
2.37200012,4.65037529e-13
2.37507366,5.44126891e-13
2.37814719,5.71982542e-13
2.38122072,5.82945827e-13
2.38429426,5.85156889e-13
2.38736779,5.80735643e-13
2.39044133,5.69048679e-13
2.39351486,5.46431581e-13
2.3965884,5.02232125e-13
2.39966193,3.99856995e-13
2.40273546,2.73832823e-13
2.405809,1.83003806e-12
2.40888253,1.02701032e-12
2.41195607,8.92793871e-13
2.4150296,8.39979014e-13
2.41810314,8.13374368e-13
2.42117667,7.98650915e-13
2.4242502,7.9047092e-13
2.42732374,7.86423256e-13
2.43039727,7.85292337e-13
2.43347081,7.86445771e-13
2.43654434,7.89621811e-13
2.43961788,7.95012715e-13
2.44269141,8.04243875e-13
2.44576495,8.2818317e-13
2.44883848,1.03696096e-12
2.45191201,1.81519775e-12
2.45498555,1.01563851e-12
2.45805908,9.63077053e-13
2.46113262,9.6715704e-13
2.46420615,9.91472558e-13
2.46727969,1.0386502e-12
2.47035322,1.2991359e-12
2.47342675,2.23437056e-12
2.47650029,1.51305924e-12
2.47957382,1.59486037e-12
2.48264736,1.83153705e-12
2.48572089,2.2784301e-12
2.48879443,3.23223806e-12
2.49186796,6.3263243e-12
2.49494149,7.03180227e-11
2.49801503,4.87948225e-12
2.50108856,2.44603473e-12
2.5041621,1.61900082e-12
2.50723563,1.21772828e-12
2.51030917,9.90961399e-13
2.5133827,8.52278255e-13
2.51645623,7.63729092e-13
2.51952977,7.0597097e-13
2.5226033,6.68157444e-13
2.52567684,6.43829458e-13
2.52875037,6.2900532e-13
2.53182391,6.21200371e-13
2.53489744,6.18889593e-13
2.53797097,6.21204343e-13
2.54104451,6.27765564e-13
2.54411804,6.38606027e-13
2.54719158,6.54159988e-13
2.55026511,6.753135e-13
2.55333865,7.03514637e-13
2.55641218,7.40925788e-13
2.55948572,7.90484115e-13
2.56255925,8.55152094e-13
2.56563278,9.3261547e-13
2.56870632,9.84337329e-13
2.57177985,7.58321743e-13
2.57485339,6.78115387e-13
2.57792692,2.00616954e-12
2.58100046,1.66703198e-12
2.58407399,1.23722487e-12
2.58714752,9.67952252e-13
2.59022106,8.03273685e-13
2.59329459,6.9824883e-13
2.59636813,6.27897542e-13
2.59944166,5.7827979e-13
2.6025152,5.41165515e-13
2.60558873,5.11275535e-13
2.60866226,4.84735387e-13
2.6117358,4.579687e-13
2.61480933,4.26418945e-13
2.61788287,3.82170563e-13
2.6209564,3.1185537e-13
2.62402994,4.27083532e-13
2.62710347,2.67723575e-12
2.630177,9.71413963e-13
2.63325054,7.85223408e-13
2.63632407,7.20273245e-13
2.63939761,6.92755981e-13
2.64247114,6.83745139e-13
2.64554468,6.87703479e-13
2.64861821,7.04044063e-13
2.65169175,7.35592971e-13
2.65476528,7.89659172e-13
2.65783881,8.82456882e-13
2.66091235,1.05318595e-12
2.66398588,1.42047641e-12
2.66705942,2.57261814e-12
2.67013295,1.7240187e-10
2.67320649,2.34169512e-12
2.67628002,1.13607783e-12
2.67935355,7.53468832e-13
2.68242709,5.68174227e-13
2.68550062,4.56077189e-13
2.68857416,3.79517994e-13
2.69164769,3.40925219e-13
2.69472123,4.09508826e-13
2.69779476,7.81930318e-13
2.70086829,2.38974593e-12
2.70394183,1.35928869e-11
2.70701536,2.87503744e-12
2.7100889,2.05376291e-12
2.71316243,1.92213726e-12
2.71623597,2.28723617e-12
2.7193095,6.0014369e-12
2.72238303,1.91245994e-12
2.72545657,4.7495731e-13
2.7285301,3.20983164e-13
2.73160364,3.51634097e-13
2.73467717,3.86874518e-13
2.73775071,4.10876277e-13
2.74082424,4.26050279e-13
2.74389778,4.35103525e-13
2.74697131,4.3975391e-13
2.75004484,4.40953463e-13
2.75311838,4.39114275e-13
2.75619191,4.34216681e-13
2.75926545,4.25811153e-13
2.76233898,4.12915767e-13
2.76541252,3.93796744e-13
2.76848605,3.65690182e-13
2.77155958,3.25250549e-13
2.77463312,2.76648749e-13
2.77770665,2.94603891e-13
2.78078019,6.36987647e-13
2.78385372,1.79678439e-12
2.78692726,5.87894598e-12
2.79000079,1.42404133e-11
2.79307432,7.46061672e-12
2.79614786,3.23310283e-12
2.79922139,1.79183175e-12
2.80229493,1.19217146e-12
2.80536846,9.00588268e-13
2.808442,7.4332529e-13
2.81151553,6.5178105e-13
2.81458906,5.95981461e-13
2.8176626,5.6573241e-13
2.82073613,5.78723597e-13
2.82380967,8.06707613e-13
2.8268832,7.14918145e-12
2.82995674,1.49958484e-12
2.83303027,9.50653928e-13
2.83610381,8.04310375e-13
2.83917734,7.42607587e-13
2.84225087,7.12727636e-13
2.84532441,6.99348642e-13
2.84839794,6.97177353e-13
2.85147148,7.04994361e-13
2.85454501,7.24399219e-13
2.85761855,7.60756218e-13
2.86069208,8.27694996e-13
2.86376561,9.64753579e-13
2.86683915,1.34122953e-12
2.86991268,4.88560383e-12
2.87298622,1.0737979e-12
2.87605975,3.21103707e-13
2.87913329,2.34317844e-13
2.88220682,2.53199241e-13
2.88528035,2.75981481e-13
2.88835389,2.90778211e-13
2.89142742,2.97867049e-13
2.89450096,2.98396208e-13
2.89757449,2.93512839e-13
2.90064803,2.85864593e-13
2.90372156,2.85742339e-13
2.90679509,3.32118477e-13
2.90986863,5.40727069e-13
2.91294216,1.28199582e-12
2.9160157,6.63763788e-12
2.91908923,6.37444932e-12
2.92216277,3.98564889e-12
2.9252363,5.83519524e-12
2.92830984,1.16263445e-11
2.93138337,1.87901659e-12
2.9344569,9.02593661e-13
2.93753044,6.0862303e-13
2.94060397,4.9850556e-13
2.94367751,4.52348571e-13
2.94675104,4.30289169e-13
2.94982458,4.17613988e-13
2.95289811,4.08528589e-13
2.95597164,4.00677569e-13
2.95904518,3.93320093e-13
2.96211871,3.87063987e-13
2.96519225,3.85009269e-13
2.96826578,3.97032828e-13
2.97133932,4.53365645e-13
2.97441285,6.48348036e-13
2.97748638,1.37651792e-12
2.98055992,1.50911619e-11
2.98363345,2.68835436e-12
2.98670699,1.5495661e-12
2.98978052,1.23587906e-12
2.99285406,1.11659638e-12
2.99592759,1.08895603e-12
2.99900112,1.14176881e-12
3.00207466,1.33493537e-12
3.00514819,2.03791073e-12
3.00822173,1.61317306e-10
3.01129526,1.22945468e-12
3.0143688,5.60514989e-13
3.01744233,4.2136256e-13
3.02051587,3.89740119e-13
3.0235894,3.83228179e-13
3.02666293,3.81771821e-13
3.02973647,3.80375989e-13
