  0.10000  0.15000  0.20000  0.30000  0.40000  0.50000  0.60000  0.65000  0.70000  0.75000
  0.80000  0.82500  0.85000  0.87500  0.90000  0.91000  0.92000  0.93000  0.94000  0.95000
  0.95500  0.96000  0.96500  0.97000  0.97500  0.98000  0.98250  0.98500  0.99000  0.99100
  0.99200  0.99300  0.99400  0.99500  0.99600  0.99650  0.99700  0.99750  0.99800  0.99850
  0.99900  0.99925  0.99950  0.99975
  1.00000   7   3   0   0   0   0
  0.50650  0.54058  0.57637  0.65391  0.74114  0.84089  0.95776
  0.75288  0.83561  0.91039
  1.05127   8   3   0   0   0   0
  0.52693  0.56129  0.59735  0.67554  0.76356  0.86436  0.98259  1.05049
  0.77561  0.85910  0.93464
  1.10517   8   4   1   0   0   0
  0.54441  0.58281  0.61919  0.69811  0.78706  0.88906  1.00868  1.07742
  0.79915  0.88353  0.96003  1.10132
  1.10358
  1.16183   8   4   1   0   0   0
  0.56131  0.60508  0.64181  0.72150  0.81133  0.91438  1.03545  1.10510
  0.82370  0.90892  0.98621  1.12930
  1.13175
  1.22140   9   4   1   0   0   0
  0.57900  0.62826  0.66535  0.74575  0.83647  0.94069  1.06324  1.13392  1.21282
  0.84914  0.93525  1.01346  1.15844
  1.16086
  1.28403   9   4   1   0   0   0
  0.59717  0.65222  0.68965  0.77088  0.86255  0.96789  1.09202  1.16362  1.24364
  0.87551  0.96253  1.04169  1.18860
  1.19109
  1.34986   9   4   2   0   0   0
  0.61607  0.67703  0.71479  0.79682  0.88947  0.99603  1.12175  1.19440  1.27571
  0.90275  0.99062  1.07071  1.21966
  1.22217  1.34027
  1.41907  10   5   2   0   0   0
  0.63560  0.69866  0.74084  0.82374  0.91737  1.02525  1.15266  1.22632  1.30883  1.40279
  0.93115  1.01988  1.10087  1.25185  1.39752
  1.25440  1.37427
  1.49182  10   5   2   0   0   0
  0.65577  0.71979  0.76780  0.85155  0.94625  1.05542  1.18446  1.25918  1.34294  1.43849
  0.96056  1.05016  1.13210  1.28517  1.43330
  1.28780  1.40969
  1.56831  10   5   3   0   0   0
  0.67665  0.74154  0.79556  0.88013  0.97584  1.08631  1.21706  1.29281  1.37790  1.47506
  0.99083  1.08135  1.16425  1.31949  1.46996
  1.32221  1.44589  1.55149
  1.64872  11   5   3   0   0   0
  0.69821  0.76413  0.82433  0.90984  1.00674  1.11858  1.25115  1.32804  1.41447  1.51328
  1.62892
  1.02235  1.11372  1.19759  1.35497  1.50801
  1.35766  1.48342  1.59113
  1.73325  11   6   3   0   0   0
  0.72045  0.78744  0.84856  0.94048  1.03845  1.15162  1.28598  1.36405  1.45192  1.55246
  1.67032
  1.05507  1.14722  1.23201  1.39154  1.54712  1.70561
  1.39449  1.52232  1.63179
  1.82212  12   6   3   1   0   0
  0.74319  0.81129  0.87340  0.97191  1.07103  1.18565  1.32190  1.40117  1.49043  1.59280
  1.71304  1.78214
  1.08868  1.18159  1.26740  1.42912  1.58732  1.74897
  1.43208  1.56187  1.67351
  1.78296
  1.91554  13   6   4   1   0   0
  0.76670  0.83607  0.89908  1.00439  1.10462  1.22067  1.35876  1.43924  1.52989  1.63409
  1.75669  1.82732  1.90629
  1.12371  1.21742  1.30410  1.46788  1.62864  1.79337
  1.47111  1.60301  1.71660  1.91458
  1.82829
  2.01375  13   6   4   1   0   0
  0.79080  0.86140  0.92549  1.03775  1.13923  1.25672  1.39677  1.47849  1.57068  1.67671
  1.80174  1.87380  1.95448
  1.15989  1.25427  1.34179  1.50776  1.67117  1.83913
  1.51122  1.64507  1.76070  1.96310
  1.87481
  2.11700  14   7   4   2   0   0
  0.81549  0.88752  0.95269  1.07202  1.17470  1.29378  1.43594  1.51882  1.61259  1.72046
  1.84788  1.92155  2.00413  2.09833
  1.19737  1.29232  1.38070  1.54878  1.71483  1.88618  2.06909
  1.55251  1.68830  1.80596  2.01280
  1.92250  2.07757
  2.22554  14   8   4   2   0   0
  0.84073  0.91419  0.98051  1.10574  1.21112  1.33165  1.47570  1.55988  1.65515  1.76496
  1.89487  1.97022  2.05467  2.15112
  1.23600  1.33158  1.42078  1.59088  1.75957  1.93411  2.12121  2.22213
  1.59505  1.73282  1.85254  2.06375
  1.97141  2.13015
  2.33965  15   8   5   3   0   0
  0.86664  0.94163  1.00923  1.13659  1.24859  1.37076  1.51681  1.60226  1.69907  1.81087
  1.94338  2.02025  2.10660  2.20549  2.32114
  1.27626  1.37223  1.46215  1.63428  1.80555  1.98347  2.17499  2.27853
  1.63899  1.77866  1.90043  2.11593  2.31228
  2.02149  2.18402  2.31820
  2.45960  16   9   5   3   1   0
  0.89289  0.96959  1.03840  1.16800  1.28684  1.41053  1.55869  1.64547  1.74392  1.85766
  1.99275  2.07127  2.15959  2.26092  2.37969  2.43377
  1.31771  1.41408  1.50463  1.67871  1.85249  2.03369  2.22949  2.33570  2.44944
  1.68394  1.82529  1.94904  2.16919  2.37057
  2.07267  2.23874  2.37663
  2.44611
  2.58571  17   9   5   3   1   0
  0.91960  0.99820  1.06838  1.20028  1.32609  1.45134  1.60148  1.68963  1.78962  1.90543
  2.04308  2.12330  2.21367  2.31744  2.43935  2.49511  2.55579
  1.36066  1.45722  1.54833  1.72422  1.90053  2.08515  2.28531  2.39423  2.51116
  1.73035  1.87345  1.99906  2.22343  2.43004
  2.12508  2.29479  2.43615
  2.50776
  2.71828  18  10   6   3   1   0
  0.94670  1.02727  1.09890  1.23316  1.36615  1.49304  1.64530  1.73475  1.83636  1.95406
  2.09435  2.17615  2.26858  2.37474  2.50000  2.55719  2.61960  2.68846
  1.40505  1.50168  1.59337  1.77094  1.94968  2.13741  2.34204  2.45378  2.57413  2.70556
  1.77811  1.92284  2.05029  2.27879  2.49035  2.69600
  2.17869  2.35197  2.49696
  2.57048
  2.85765  19  10   6   4   2   0
  0.97432  1.05719  1.13027  1.26688  1.40342  1.53562  1.69002  1.78080  1.88401  2.00379
  2.14668  2.23020  2.32451  2.43327  2.56183  2.62064  2.68497  2.75602  2.83547
  1.45092  1.54754  1.63975  1.81898  2.00017  2.19087  2.39966  2.51413  2.63779  2.77333
  1.82726  1.97337  2.10274  2.33541  2.55210  2.76377
  2.23349  2.41012  2.55871  2.81022
  2.63432  2.82105
  3.00417  20  11   6   4   2   0
  1.00197  1.08724  1.16200  1.30121  1.44020  1.57917  1.73561  1.82768  1.93246  2.05421
  2.19971  2.28483  2.38136  2.49259  2.62444  2.68483  2.75099  2.82422  2.90639  2.99985
  1.49720  1.59495  1.68746  1.86804  2.05145  2.24545  2.45858  2.57584  2.70279  2.84237
  2.99903
  1.87781  2.02529  2.15623  2.39290  2.61447  2.83248
  2.28945  2.46930  2.62137  2.88040
  2.69901  2.89163
  3.15819  21  11   7   4   3   1
  1.03014  1.11795  1.19440  1.33639  1.47785  1.62352  1.78206  1.87552  1.98196  2.10576
  2.25400  2.34077  2.43918  2.55299  2.68824  2.75035  2.81864  2.89408  2.97885  3.07556
  3.12975
  1.53818  1.64398  1.73673  1.91870  2.10430  2.30120  2.51843  2.63828  2.76857  2.91253
  3.07472
  1.93036  2.07901  2.21138  2.45183  2.67814  2.90218  3.13180
  2.34720  2.53004  2.68529  2.95166
  2.76511  2.96329  3.12373
  3.15523
  3.32012  22  12   7   5   3   1
  1.05892  1.14895  1.22725  1.37201  1.51592  1.66848  1.82920  1.92388  2.03192  2.15774
  2.30847  2.39700  2.49738  2.61373  2.75209  2.81596  2.88610  2.96386  3.05151  3.15177
  3.20792  3.26920
  1.57971  1.69430  1.78721  1.97031  2.15766  2.35763  2.57902  2.70166  2.83522  2.98332
  3.15095  3.24444
  1.98401  2.13364  2.26734  2.51142  2.74246  2.97257  3.21009
  2.40555  2.59142  2.74986  3.02343  3.26494
  2.83167  3.03549  3.20136
  3.23410
  3.49034  23  13   8   5   3   1
  1.08818  1.18033  1.26057  1.40817  1.55468  1.71082  1.87696  1.97312  2.08277  2.21054
  2.36400  2.45421  2.55673  2.67563  2.81735  2.88281  2.95473  3.03477  3.12507  3.22863
  3.28671  3.35003  3.42013
  1.62207  1.74623  1.83913  2.02332  2.21264  2.41524  2.64056  2.76571  2.90262  3.05482
  3.22788  3.32484  3.43077
  2.03962  2.19004  2.32499  2.57245  2.80796  3.04389  3.28903  3.41765
  2.46598  2.65455  2.81610  3.09655  3.34631
  2.89989  3.10914  3.28057
  3.31431
  3.66930  24  14   9   5   4   2
  1.11792  1.21186  1.29426  1.44491  1.59398  1.75283  1.92549  2.02289  2.13417  2.26396
  2.42000  2.51178  2.61626  2.73753  2.88269  2.94977  3.02361  3.10586  3.19860  3.30548
  3.36562  3.43155  3.50431  3.58584
  1.66512  1.79221  1.89265  2.07752  2.26849  2.47366  2.70262  2.83037  2.97035  3.12659
  3.30495  3.40543  3.51552  3.63794
  2.09658  2.24767  2.38372  2.63421  2.87404  3.11567  3.36848  3.50212  3.64238
  2.52711  2.71816  2.88257  3.16981  3.42762
  2.96839  3.18263  3.35944  3.65128
  3.39433  3.61207
  3.85743  25  14   9   6   4   2
  1.14835  1.24418  1.32853  1.48232  1.63408  1.79569  1.97499  2.07372  2.18652  2.31828
  2.47681  2.57031  2.67684  2.80071  2.94888  3.01763  3.09327  3.17797  3.27348  3.38379
  3.44606  3.51433  3.59007  3.67479  3.77156
  1.70899  1.83875  1.94767  2.13323  2.32577  2.53340  2.76593  2.89613  3.03917  3.19928
  3.38294  3.48679  3.60092  3.72847
  2.15581  2.30743  2.44446  2.69778  2.94151  3.18848  3.44858  3.58688  3.73289
  2.59077  2.78396  2.95102  3.24441  3.50990  3.76271
  3.03889  3.25775  3.43958  3.74249
  3.47603  3.70185
  4.05520  27  16  10   6   4   3
  1.17900  1.27673  1.36287  1.51994  1.67447  1.83881  2.02464  2.12487  2.23925  2.37283
  2.53408  2.62922  2.73764  2.86392  3.01544  3.08570  3.16336  3.24990  3.34809  3.46163
  3.52571  3.59634  3.67478  3.76283  3.86367  3.98218  4.05021
  1.75350  1.88563  2.00010  2.18992  2.38397  2.59389  2.83004  2.96263  3.10854  3.27248
  3.46118  3.56818  3.68645  3.81895  3.97075  4.03843
  2.21662  2.36839  2.50625  2.76214  3.00967  3.26162  3.52887  3.67199  3.82376  3.98669
  2.65537  2.85053  3.01983  3.31925  3.59249  3.85483
  3.11000  3.33333  3.51988  3.83372
  3.55741  3.79126  3.97794
  4.26311  28  17  10   7   5   3
  1.21037  1.30997  1.39770  1.55823  1.71549  1.88272  2.07170  2.17675  2.29270  2.42823
  2.59208  2.68874  2.79907  2.92780  3.08250  3.15435  3.23377  3.32262  3.42348  3.54015
  3.60636  3.67912  3.76018  3.85142  3.95668  4.08019  4.15145  4.23117
  1.79891  1.93355  2.05036  2.24844  2.44366  2.65574  2.89499  3.02975  3.17851  3.34601
  3.53973  3.64991  3.77198  3.90964  4.06784  4.13872  4.21510
  2.27951  2.43131  2.56968  2.82779  3.07879  3.33569  3.60977  3.75728  3.91466  4.08456
  2.72179  2.91870  3.09032  3.39504  3.67533  3.94695  4.21881
  3.18260  3.40984  3.60101  3.92519  4.20483
  3.63975  3.88095  4.07566
  4.48169  28  18  11   8   5   3
  1.24208  1.34356  1.43292  1.59670  1.75691  1.92695  2.11911  2.22858  2.34670  2.48418
  2.65026  2.74850  2.86072  2.99189  3.14969  3.22302  3.30417  3.39494  3.49822  3.61809
  3.68607  3.76113  3.84500  3.93957  4.04881  4.17770  4.25221  4.33603
  1.84487  1.98186  2.10087  2.30792  2.50412  2.71814  2.96055  3.09739  3.24888  3.41999
  3.61830  3.73173  3.85769  3.99999  4.16484  4.23888  4.31906  4.40609
  2.34409  2.49583  2.63456  2.89478  3.14881  3.41017  3.69077  3.84266  4.00529  4.18205
  4.37754
  2.79007  2.98848  3.16194  3.47173  3.75858  4.03911  4.32273  4.46803
  3.25641  3.48749  3.68271  4.01650  4.30809
  3.72282  3.97100  4.17304
  4.71147  30  19  12   8   6   4
  1.27424  1.37767  1.46860  1.63569  1.79887  1.97176  2.16707  2.27835  2.40106  2.54042
  2.70899  2.80887  2.92280  3.05617  3.21699  3.29191  3.37468  3.46746  3.57327  3.69652
  3.76662  3.84394  3.92989  4.02769  4.14054  4.27457  4.35238  4.43982  4.65747  4.71092
  1.89174  2.03088  2.15211  2.36888  2.56614  2.78197  3.02721  3.16616  3.32008  3.49459
  3.69776  3.81416  3.94387  4.09089  4.26180  4.33898  4.42257  4.51390  4.61473
  2.41106  2.56221  2.70133  2.96312  3.22019  3.48567  3.77227  3.92811  4.09610  4.27962
  4.48392  4.59635
  2.86032  3.05974  3.23493  3.54928  3.84236  4.13120  4.42621  4.57902
  3.33182  3.56618  3.76528  4.10798  4.41075  4.69103
  3.80657  4.06129  4.27028  4.61200
  4.95303  31  21  13   9   6   4
  1.30677  1.41230  1.50494  1.67510  1.84124  2.01701  2.21534  2.32844  2.45508  2.59694
  2.76780  2.86906  2.98490  3.12022  3.28384  3.36016  3.44478  3.53971  3.64802  3.77391
  3.84589  3.92545  4.01408  4.11477  4.23150  4.37083  4.45172  4.54315  4.77190  4.82847
  4.89003
  1.93933  2.08066  2.20398  2.42630  2.62921  2.84677  3.09498  3.23555  3.39189  3.56924
  3.77657  3.89580  4.02887  4.18044  4.35725  4.43759  4.52465  4.62021  4.72632  4.84562
  4.91167
  2.48009  2.63054  2.76969  3.03290  3.29246  3.56197  3.85433  4.01424  4.18691  4.37656
  4.58941  4.70720  4.83476
  2.93235  3.13263  3.30933  3.62769  3.92647  4.22315  4.52916  4.68903  4.85545
  3.40885  3.64587  3.84831  4.19939  4.51306  4.80714
  3.89152  4.15173  4.36707  4.72371
  5.20698  33  23  14  10   6   5
  1.33956  1.44700  1.54137  1.71443  1.88367  2.06235  2.26387  2.37866  2.50734  2.65394
  2.82706  2.92979  3.04740  3.18515  3.35159  3.42929  3.51544  3.61235  3.72297  3.85199
  3.92563  4.00712  4.09826  4.20156  4.32169  4.46550  4.54963  4.64474  4.88434  4.94369
  5.00857  5.08059  5.16080
  1.98737  2.13092  2.25629  2.48275  2.69325  2.91222  3.16267  3.30520  3.46397  3.64468
  3.85608  3.97791  4.11444  4.27036  4.45287  4.53603  4.62652  4.72605  4.83706  4.96254
  5.03213  5.10736  5.18943
  2.54186  2.70065  2.83978  3.10399  3.36577  3.63881  3.93633  4.09985  4.27723  4.47286
  4.69381  4.81682  4.95107  5.09858
  3.00629  3.20731  3.38510  3.70711  4.01120  4.31500  4.63124  4.79808  4.97294  5.15785
  3.48745  3.72695  3.93249  4.29126  4.61480  4.92205
  3.97677  4.24263  4.46395  4.83434  5.14825
  5.47395  34  24  15  10   7   5
  1.37308  1.48252  1.57847  1.75441  1.92658  2.10810  2.31282  2.42945  2.56026  2.71062
  2.88678  2.99091  3.11019  3.24995  3.41921  3.49843  3.58628  3.68502  3.79793  3.92972
  4.00505  4.08840  4.18206  4.28876  4.41288  4.56122  4.64818  4.74670  4.99619  5.05825
  5.12619  5.20201  5.28674  5.38408
  2.03638  2.18205  2.30924  2.53956  2.75866  2.97880  3.23152  3.37571  3.53664  3.71997
  3.93537  4.05980  4.19934  4.35934  4.54747  4.63340  4.72724  4.83077  4.94643  5.07778
  5.15113  5.23050  5.31731  5.41349
  2.60371  2.77296  2.91173  3.17645  3.44022  3.71640  4.01873  4.18549  4.36706  4.56830
  4.79707  4.92520  5.06548  5.22121  5.39688
  3.08273  3.28391  3.46264  3.78771  4.09642  4.40655  4.73230  4.90538  5.08813  5.28333
  3.56773  3.80962  4.01771  4.38340  4.71575  5.03505  5.35143
  4.06404  4.33448  4.56094  4.94390  5.27353
  5.75460  36  25  17  12   8   6
  1.40708  1.51846  1.61613  1.79495  1.96999  2.15447  2.36218  2.48060  2.61325  2.76588
  2.94651  3.05209  3.17304  3.31482  3.48675  3.56718  3.65656  3.75706  3.87191  4.00657
  4.08372  4.16899  4.26464  4.37361  4.50129  4.65383  4.74346  4.84572  5.10571  5.17081
  5.24230  5.32160  5.41147  5.51369  5.63510  5.70446
  2.08612  2.23393  2.36313  2.59710  2.82164  3.04660  3.30148  3.44723  3.61008  3.79611
  4.01490  4.14172  4.28451  4.44821  4.64142  4.73011  4.82695  4.93418  5.05421  5.19129
  5.26795  5.35148  5.44342  5.54599  5.66133
  2.66607  2.84366  2.98561  3.25086  3.51626  3.79531  4.10209  4.27192  4.45720  4.66370
  4.89965  5.03249  5.17856  5.34179  5.52730  5.60954  5.69738
  3.16148  3.36256  3.54193  3.86984  4.18267  4.49904  4.83343  5.01236  5.20272  5.40753
  5.63127  5.75207
  3.65074  3.89392  4.10425  4.47573  4.81669  5.14737  5.47978  5.64901
  4.15308  4.42743  4.65842  5.05256  5.39711  5.71198
  6.04965  38  27  19  13   9   6
  1.44123  1.55445  1.65375  1.83550  2.01336  2.20086  2.41159  2.53163  2.66629  2.82126
  3.00613  3.11324  3.23581  3.37956  3.55388  3.63571  3.72664  3.82882  3.94570  4.08273
  4.16136  4.24846  4.34647  4.45839  4.58916  4.74633  4.83897  4.94458  5.21354  5.28115
  5.35556  5.43897  5.53276  5.64093  5.76928  5.84357  5.92669  6.02192
  2.13607  2.28625  2.41727  2.65481  2.88316  3.11518  3.37199  3.51909  3.68387  3.87222
  4.09455  4.22350  4.36875  4.53617  4.73416  4.82521  4.92489  5.03555  5.16014  5.30296
  5.38299  5.47056  5.56692  5.67434  5.79680  5.93856  6.01937
  2.72857  2.91010  3.06112  3.32652  3.59331  3.87483  4.18580  4.35827  4.54716  4.75835
  5.00085  5.13823  5.28980  5.46013  5.65496  5.74190  5.83534  5.93669  6.04732
  3.24223  3.44310  3.62287  3.95297  4.26961  4.59122  4.93355  5.11791  5.31507  5.52906
  5.76517  5.89380  6.03137
  3.73511  3.97962  4.19189  4.56875  4.91705  5.25804  5.60500  5.78410  5.96824
  4.24299  4.52063  4.75581  5.16009  5.51824  5.85124
  6.35982  39  28  20  14  10   7
  1.47596  1.59112  1.69206  1.87659  2.05703  2.24729  2.46115  2.58288  2.71932  2.87649
  3.06415  3.17436  3.29860  3.44444  3.62131  3.70428  3.79648  3.90033  4.01960  4.15914
  4.23940  4.32840  4.42851  4.54282  4.67665  4.83760  4.93290  5.04110  5.31916  5.38940
  5.46710  5.55385  5.65152  5.76476  5.90015  5.97822  6.06634  6.16696  6.28606
  2.18659  2.33910  2.47187  2.71291  2.94503  3.18472  3.44328  3.59177  3.75812  3.94882
  4.17440  4.30551  4.45347  4.62412  4.82670  4.91976  5.02234  5.13611  5.26476  5.41237
  5.49574  5.58699  5.68737  5.80037  5.92953  6.08079  6.16722  6.26278
  2.79165  2.97674  3.13457  3.40376  3.67161  3.95540  4.26980  4.44487  4.63741  4.85315
  5.10159  5.24286  5.39965  5.57629  5.78012  5.87194  5.97087  6.07832  6.19649  6.32769
  3.32568  3.52569  3.70574  4.03739  4.35731  4.68380  5.03328  5.22273  5.42626  5.64859
  5.89648  6.03274  6.17943  6.33892
  3.82217  4.06754  4.28139  4.66271  5.01748  5.36752  5.72804  5.91629  6.11191  6.31678
  4.33498  4.61564  4.85421  5.26764  5.63789  5.98735  6.32567
  6.68589  40  29  22  15  10   8
  1.51117  1.62810  1.73057  1.91796  2.10102  2.29414  2.51107  2.63449  2.77281  2.93210
  3.12230  3.23414  3.36133  3.50891  3.68811  3.77220  3.86588  3.97145  4.09234  4.23420
  4.31566  4.40589  4.50797  4.62463  4.76165  4.92691  5.02420  5.13547  5.42186  5.49449
  5.57455  5.66470  5.76645  5.88525  6.02645  6.10891  6.20208  6.30993  6.43575  6.59103
  2.23739  2.39260  2.52735  2.77165  3.00698  3.25084  3.51493  3.66461  3.83263  4.02564
  4.25409  4.38720  4.53765  4.71149  4.91814  5.01373  5.11875  5.23563  5.36771  5.51999
  5.60607  5.70064  5.80561  5.92372  6.05922  6.21821  6.30971  6.41166  6.66214
  2.85566  3.04388  3.20501  3.48241  3.75080  4.03660  4.35428  4.53170  4.72717  4.94677
  5.20097  5.34602  5.50747  5.69023  5.90238  5.99823  6.10195  6.21541  6.34086  6.48164
  6.55901  6.64203
  3.41164  3.61068  3.79035  4.12327  4.44572  4.77651  5.13258  5.32638  5.53564  5.76577
  6.02446  6.16776  6.32329  6.49371  6.68344
  3.91078  4.15686  4.37198  4.75725  5.11785  5.47620  5.84862  6.04526  6.25136  6.46986
  4.42849  4.71138  4.95309  5.37452  5.75543  6.11977  6.47937  6.65919
  7.02869  41  31  24  16  12   9
  1.54662  1.66548  1.76950  1.95956  2.14522  2.34108  2.56108  2.68620  2.82631  2.98764
  3.18024  3.29353  3.42262  3.57307  3.75473  3.83988  3.93472  4.04183  4.16459  4.30899
  4.39194  4.48418  4.58816  4.70715  4.84653  5.01509  5.11495  5.22916  5.52406  5.59885
  5.68140  5.77441  5.87953  6.00206  6.14995  6.23653  6.33438  6.44740  6.58160  6.74753
  6.96566
  2.28831  2.44619  2.58290  2.83034  3.06915  3.31670  3.58745  3.73819  3.90769  4.10248
  4.33366  4.46841  4.62129  4.79791  5.00871  5.10606  5.21331  5.33302  5.46869  5.62546
  5.71441  5.81208  5.92069  6.04326  6.18449  6.35112  6.44759  6.55593  6.82393  6.88902
  6.96002
  2.91970  3.11070  3.27480  3.56262  3.83159  4.11901  4.43967  4.61921  4.81742  5.04076
  5.29997  5.44851  5.61413  5.80233  6.02182  6.12134  6.22969  6.34888  6.48125  6.63059
  6.71332  6.80246  6.89938  7.00566
  3.49828  3.69745  3.87682  4.21075  4.53555  4.87002  5.23177  5.42973  5.64425  5.88109
  6.14922  6.29900  6.46264  6.64380  6.84730  6.93656
  4.00194  4.24820  4.46424  4.85276  5.21827  5.58415  5.96743  6.17142  6.38712  6.61814
  6.86900  7.00323
  4.52354  4.80877  5.05328  5.48144  5.87194  6.24977  6.62866  6.82127  7.01702
  7.38906  42  33  25  18  13   9
  1.58264  1.70321  1.80875  2.00158  2.18990  2.38839  2.61119  2.73779  2.87973  3.04313
  3.23822  3.35320  3.48423  3.63738  3.82168  3.90796  4.00402  4.11259  4.23717  4.38348
  4.46766  4.56139  4.66706  4.78812  4.93035  5.10285  5.20500  5.32162  5.62357  5.70096
  5.78645  5.88256  5.99189  6.12045  6.27488  6.36457  6.46640  6.58495  6.72622  6.90108
  7.13628  7.29275
  2.33985  2.50026  2.63901  2.88972  3.13168  3.38292  3.66002  3.81274  3.98353  4.18025
  4.41413  4.55064  4.70560  4.88506  5.09926  5.19838  5.30776  5.43028  5.56907  5.72988
  5.82119  5.92199  6.03397  6.16096  6.30743  6.48204  6.58355  6.69740  6.98240  7.05239
  7.12900  7.21301  7.30666
  2.98476  3.17858  3.34527  3.64159  3.91393  4.20270  4.52584  4.70744  4.90802  5.13463
  5.39868  5.55030  5.71981  5.91316  6.13969  6.24308  6.35577  6.47981  6.61819  6.77532
  6.86302  6.95830  7.06245  7.17747  7.30608
  3.57787  3.78696  3.96560  4.29997  4.62686  4.96475  5.33149  5.53311  5.75229  5.99538
  6.27205  6.42772  6.59852  6.78908  7.00597  7.10181  7.20428  7.31429
  4.09603  4.34199  4.55858  4.95011  5.32034  5.69247  6.08532  6.29582  6.52023  6.76287
  7.02924  7.17379  7.32746
  4.62177  4.90809  5.15465  5.58911  5.98792  6.37722  6.77353  6.97813  7.18870
  7.76790  43  35  27  20  14  10
  1.61895  1.74142  1.84853  2.04413  2.23487  2.43590  2.66160  2.78987  2.93358  3.09906
  3.29660  3.41284  3.54546  3.70048  3.88787  3.97515  4.07239  4.18241  4.30859  4.45701
  4.54225  4.63720  4.74439  4.86760  5.01206  5.18761  5.29160  5.41096  5.71995  5.79904
  5.88635  5.98550  6.09825  6.23066  6.38925  6.48273  6.58939  6.71271  6.86143  7.04563
  7.29374  7.46207  7.68318
  2.39187  2.55483  2.69574  2.94972  3.19453  3.44901  3.72995  3.88734  4.05951  4.25810
  4.49430  4.63250  4.78919  4.97101  5.18853  5.28944  5.40090  5.52557  5.66744  5.83174
  5.92542  6.02878  6.14372  6.27464  6.42621  6.60687  6.71202  6.83125  7.13016  7.20444
  7.28606  7.37631  7.47707  7.59161  7.72468
  3.05076  3.24703  3.41610  3.71751  3.99750  4.28702  4.61243  4.79567  4.99867  5.22839
  5.49655  5.65104  5.82392  6.02175  6.25464  6.36125  6.47770  6.60644  6.75055  6.91515
  7.00697  7.10732  7.21738  7.33968  7.47845  7.63819  7.72828
  3.65763  3.87859  4.05663  4.39083  4.71887  5.05974  5.43118  5.63582  5.85889  6.10745
  6.39196  6.55274  6.73036  6.92995  7.15840  7.26049  7.37000  7.48867  7.61798  7.76093
  4.19286  4.43809  4.65500  5.04858  5.42243  5.80015  6.20132  6.41757  6.64940  6.90191
  7.18281  7.33704  7.50268  7.68185
  4.72205  5.00935  5.25771  5.69708  6.10324  6.50284  6.91394  7.12901  7.35315  7.58825
  8.16617  43  37  28  22  15  11
  1.65550  1.77967  1.88834  2.08663  2.27990  2.48333  2.71185  2.84169  2.98695  3.15428
  3.35407  3.47151  3.60580  3.76275  3.95272  4.04188  4.14041  4.25154  4.37933  4.52978
  4.61631  4.71249  4.82114  4.94614  5.09267  5.27072  5.37656  5.49839  5.81347  5.89451
  5.98422  6.08505  6.20186  6.33616  6.50045  6.59649  6.70756  6.83694  6.99104  7.18675
  7.44837  7.62576  7.86407
  2.44406  2.60920  2.75215  3.00944  3.25727  3.51492  3.79963  3.95929  4.13553  4.33551
  4.57385  4.71341  4.87210  5.05633  5.27706  5.37948  5.49273  5.61966  5.76413  5.93170
  6.02730  6.13263  6.25121  6.38551  6.54155  6.72821  6.83741  6.96129  7.27522  7.35385
  7.44014  7.53547  7.64247  7.76583  7.90960  7.99236  8.08417
  3.11687  3.31541  3.48678  3.79285  4.08188  4.37238  4.69960  4.88420  5.08898  5.32150
  5.59361  5.75035  5.92658  6.12870  6.36702  6.47642  6.59620  6.72889  6.87794  7.04904
  7.14543  7.25041  7.36632  7.49650  7.64399  7.81577  7.91393  8.02216
  3.73629  3.96252  4.14943  4.48289  4.81203  5.15506  5.53049  5.73812  5.96503  6.21850
  6.50982  6.67542  6.85893  7.06569  7.30453  7.41206  7.52820  7.65474  7.79403  7.94967
  8.03466  8.12549
  4.29193  4.53613  4.75292  5.14763  5.52472  5.90739  6.31618  6.53758  6.77603  7.03763
  7.33099  7.49381  7.67010  7.86343  8.07797
  4.82433  5.11236  5.36188  5.80538  6.21758  6.62625  7.05080  7.27508  7.51125  7.76236
  8.03202
  8.58486  44  39  30  24  17  13
  1.69253  1.81858  1.92876  2.12956  2.32525  2.53112  2.76223  2.89340  3.04039  3.20960
  3.41180  3.53067  3.66632  3.82511  4.01746  4.10750  4.20754  4.32025  4.44933  4.60135
  4.68900  4.78664  4.89698  5.02406  5.17324  5.35468  5.46248  5.58628  5.90778  5.99039
  6.08235  6.18636  6.30551  6.44408  6.61221  6.71117  6.82532  6.95764  7.11767  7.32048
  7.59553  7.78270  8.03668  8.43066
  2.49698  2.66425  2.80913  3.06985  3.32049  3.58116  3.86917  4.03099  4.21040  4.41333
  4.65395  4.79501  4.95527  5.14158  5.36498  5.46908  5.58407  5.71310  5.86011  6.03096
  6.12860  6.23645  6.35757  6.49537  6.65575  6.84804  6.96120  7.08975  7.41680  7.49879
  7.58918  7.69031  7.80337  7.93402  8.08805  8.17709  8.27696  8.39175  8.52407
  3.18385  3.38485  3.55817  3.86828  4.16203  4.45829  4.78719  4.97319  5.17996  5.41494
  5.69061  5.84970  6.02864  6.23455  6.47795  6.58990  6.71270  6.84935  7.00347  7.18053
  7.28060  7.38995  7.51120  7.64731  7.80357  7.98684  8.09188  8.20871  8.49383  8.56258
  3.81590  4.04616  4.24156  4.57690  4.90648  5.25149  5.63036  5.84048  6.07088  6.32892
  6.62666  6.79633  6.98466  7.19825  7.44678  7.55911  7.68105  7.81486  7.96299  8.12949
  8.22153  8.32034  8.42788  8.54525
  4.39443  4.63673  4.85300  5.24883  5.62828  6.01512  6.43014  6.65625  6.90072  7.17030
  7.47474  7.64515  7.83109  8.03685  8.26862  8.37038  8.47818
  4.92983  5.21749  5.46793  5.91471  6.33229  6.74850  7.18456  7.41689  7.66342  7.92880
  8.21840  8.37433  8.53925
  9.02501  44  40  32  25  19  14
  1.73013  1.85792  1.96950  2.17292  2.37094  2.57927  2.81282  2.94550  3.09400  3.26505
  3.46930  3.58945  3.72666  3.88713  4.08165  4.17274  4.27402  4.38823  4.51944  4.67348
  4.76208  4.86084  4.97245  5.10097  5.25191  5.43574  5.54534  5.67109  5.99983  6.08387
  6.17750  6.28357  6.40506  6.54707  6.72083  6.82349  6.93959  7.07657  7.24044  7.44886
  7.73502  7.93140  8.19481  8.62276
  2.55012  2.71964  2.86644  3.13067  3.38414  3.64759  3.93903  4.10280  4.28449  4.49120
  4.73404  4.87617  5.03812  5.22652  5.45236  5.55759  5.67415  5.80511  5.95441  6.12848
  6.22795  6.33824  6.46189  6.60288  6.76727  6.96439  7.08063  7.21308  7.55099  7.63621
  7.73046  7.83487  7.95426  8.09171  8.25628  8.35112  8.45878  8.58127  8.72590  8.90365
  3.25171  3.45474  3.63000  3.94402  4.24206  4.54580  4.87597  5.06309  5.27134  5.50859
  5.78704  5.94840  6.13002  6.33890  6.58686  6.70113  6.82672  6.96679  7.12497  7.30767
  7.41089  7.52447  7.65035  7.79268  7.95609  8.14899  8.26032  8.38552  8.69424  8.76916
  8.85024  8.93899
  3.89560  4.12961  4.32881  4.67276  5.00245  5.34906  5.73093  5.94322  6.17617  6.43806
  6.74097  6.91426  7.10736  7.32714  7.58385  7.70041  7.82765  7.96762  8.12343  8.30004
  8.39845  8.50466  8.62089  8.74909  8.89211
  4.49874  4.74008  4.95553  5.35146  5.73290  6.12326  6.54395  6.77398  7.02354  7.29991
  7.61433  7.79100  7.98542  8.20226  8.44936  8.55882  8.67613  8.80243  8.93911
  5.03802  5.32507  5.57598  6.02518  6.44719  6.86997  7.31599  7.55541  7.81091  8.08866
  8.39592  8.56373  8.74330  8.93645
  9.48774  44  41  34  27  21  16
  1.76776  1.89721  2.01028  2.21607  2.41648  2.62708  2.86328  2.99749  3.14776  3.32054
  3.52678  3.64808  3.78674  3.94884  4.14541  4.23735  4.33973  4.45531  4.58803  4.74397
  4.83365  4.93356  5.04656  5.17660  5.32942  5.51528  5.62621  5.75384  6.08596  6.17113
  6.26633  6.37363  6.49696  6.64173  6.81781  6.92113  7.04169  7.18218  7.35059  7.56633
  7.86511  8.07001  8.35325  8.80894
  2.60368  2.77530  2.92385  3.19106  3.44743  3.71374  4.00841  4.17392  4.35776  4.56711
  4.81364  4.95717  5.12053  5.31077  5.53926  5.64581  5.76386  5.89643  6.04776  6.22412
  6.32482  6.43644  6.56207  6.70558  6.87269  7.07407  7.19326  7.32843  7.67684  7.76483
  7.86254  7.97160  8.09576  8.23971  8.41207  8.51279  8.62525  8.75642  8.91016  9.10185
  9.35213
  3.31972  3.52508  3.70225  4.01955  4.32138  4.63055  4.96473  5.15290  5.36266  5.60173
  5.88313  6.04636  6.23034  6.44267  6.69508  6.81144  6.93962  7.08236  7.24398  7.43107
  7.53700  7.65381  7.78396  7.93086  8.10087  8.30210  8.41973  8.55165  8.88169  8.96302
  9.05139  9.14838  9.25650  9.37827
  3.97579  4.21290  4.41538  4.77043  5.09983  5.44720  5.83149  6.04588  6.28163  6.54669
  6.85473  7.03139  7.22865  7.45370  7.71763  7.83810  7.96977  8.11512  8.27790  8.46318
  8.56679  8.67963  8.80393  8.94180  9.09763  9.27634  9.37687
  4.59460  4.84587  5.06011  5.45593  5.83872  6.23201  6.65763  6.89107  7.14500  7.42751
  7.75011  7.93239  8.13409  8.36043  8.62102  8.73758  8.86331  8.99958  9.14877  9.31400
  9.40402
  5.14870  5.43481  5.68547  6.13717  6.56283  6.99115  7.44579  7.69107  7.95457  8.24254
  8.56461  8.74276  8.93546  9.14597  9.37861  9.47865
  9.97418  44  42  37  28  24  18
  1.80594  1.93708  2.05156  2.25992  2.46259  2.67558  2.91414  3.04958  3.20121  3.37577
  3.58421  3.70662  3.84653  4.01023  4.20859  4.30155  4.40484  4.52163  4.65568  4.81364
  4.90451  5.00561  5.11984  5.25077  5.40565  5.59435  5.70663  5.83561  6.17298  6.26007
  6.35696  6.46642  6.59158  6.73960  6.91905  7.02657  7.15064  7.29499  7.46927  7.69351
  8.00008  8.21410  8.51071  8.98866
  2.65742  2.83124  2.98138  3.25191  3.51130  3.78032  4.07780  4.24502  4.43071  4.64237
  4.89214  5.03761  5.20235  5.39423  5.62519  5.73288  5.85232  5.98639  6.13954  6.31858
  6.42068  6.53431  6.66186  6.80777  6.97837  7.18384  7.30515  7.44401  7.80089  7.89183
  7.99284  8.10549  8.23424  8.38448  8.56507  8.67037  8.79080  8.92983  9.09519  9.29907
  9.57142  9.75334
  3.38779  3.59549  3.77449  4.09544  4.40078  4.71405  5.05456  5.24353  5.45451  5.69533
  5.97906  6.14392  6.33012  6.54503  6.80097  6.91916  7.04959  7.19530  7.36023  7.55148
  7.65989  7.77956  7.91341  8.06489  8.23992  8.44927  8.57138  8.70965  9.05749  9.14428
  9.23909  9.34368  9.46183  9.59485  9.75051  9.83991  9.93861
  4.05622  4.29636  4.50158  4.86400  5.19833  5.54661  5.93319  6.14900  6.38698  6.65520
  6.96698  7.14636  7.34706  7.57678  7.84730  7.97106  8.10660  8.25663  8.42523  8.61856
  8.72697  8.84564  8.97671  9.12325  9.28967  9.48337  9.59381  9.71586
  4.68924  4.95222  5.16688  5.56167  5.94535  6.34134  6.77127  7.00783  7.26568  7.55303
  7.88279  8.07029  8.27824  8.51289  8.78466  8.90700  9.03989  9.18491  9.34515  9.52461
  9.62310  9.72905  9.84324  9.96726
  5.26277  5.54739  5.79762  6.25022  6.67887  7.11217  7.57422  7.82467  8.09457  8.39163
  8.72636  8.91333  9.11715  9.34260  9.59595  9.70693  9.82431  9.94926
 10.48557  44  43  39  31  25  19
  1.84436  1.97725  2.09305  2.30398  2.50881  2.72397  2.96498  3.10170  3.25476  3.43087
  3.64118  3.76497  3.90622  4.07139  4.27127  4.36515  4.46982  4.58782  4.72333  4.88279
  4.97469  5.07704  5.19282  5.32537  5.48201  5.67306  5.78701  5.91779  6.26011  6.34826
  6.44683  6.55784  6.68544  6.83580  7.01810  7.12737  7.25337  7.40040  7.57814  7.80594
  8.12135  8.34351  8.64518  9.14478
  2.71178  2.88748  3.03938  3.31274  3.57495  3.84661  4.14700  4.31581  4.50331  4.71710
  4.96977  5.11700  5.28395  5.47726  5.71027  5.81914  5.93962  6.07542  6.23019  6.41131
  6.51510  6.63034  6.76026  6.90875  7.08175  7.29123  7.41505  7.55682  7.92201  8.01550
  8.11887  8.23496  8.36690  8.52117  8.70752  8.81732  8.94342  9.08838  9.26273  9.48110
  9.77456  9.97073 10.22761
  3.45631  3.66669  3.84757  4.17167  4.47999  4.79685  5.14307  5.33451  5.54631  5.78867
  6.07469  6.24121  6.42927  6.64655  6.90589  7.02595  7.15822  7.30622  7.47413  7.66928
  7.78025  7.90268  8.03973  8.19539  8.37600  8.59199  8.71864  8.86194  9.22545  9.31643
  9.41729  9.52864  9.65447  9.79928  9.96883 10.06633 10.17523 10.29844 10.44085
  4.13758  4.38026  4.58798  4.95583  5.29852  5.64698  6.03479  6.25208  6.49186  6.76281
  7.07870  7.26072  7.46458  7.69859  7.97441  8.10113  8.24032  8.39449  8.56799  8.76764
  8.88048  9.00426  9.14112  9.29516  9.47105  9.67831  9.79699  9.92995 10.25435 10.33242
 10.41643
  4.78359  5.05203  5.27634  5.66985  6.05373  6.45134  6.88464  7.12365  7.38481  7.67678
  8.01318  8.20468  8.41781  8.65962  8.94136  9.06908  9.20817  9.36059  9.53062  9.72274
  9.82922  9.94453 10.06984 10.20724 10.36045
  5.38020  5.66260  5.91212  6.36498  6.79607  7.23326  7.70132  7.95617  8.23182  8.53638
  8.88202  9.07622  9.28986  9.52810  9.79913  9.91941 10.04802 10.18642 10.33630
 11.02318  44  44  40  34  28  22
  1.88323  2.01770  2.13490  2.34793  2.55490  2.77212  3.01553  3.15356  3.30796  3.48566
  3.69787  3.82259  3.96504  4.13169  4.33370  4.42832  4.53367  4.65241  4.78902  4.94984
  5.04268  5.14590  5.26293  5.39708  5.55522  5.74834  5.86372  5.99612  6.34231  6.43225
  6.53181  6.64437  6.77388  6.92697  7.11299  7.22338  7.35138  7.50183  7.68328  7.91585
  8.24263  8.46762  8.78157  9.29927
  2.76637  2.94404  3.09765  3.37383  3.63838  3.91263  4.21590  4.38627  4.57545  4.79131
  5.04627  5.19497  5.36375  5.55963  5.79471  5.90457  6.02642  6.16318  6.31994  6.50324
  6.60821  6.72485  6.85633  7.00685  7.18266  7.39557  7.52176  7.66608  8.03926  8.13500
  8.24104  8.36012  8.49710  8.65625  8.84900  8.96226  9.09105  9.24302  9.42329  9.65149
  9.96212 10.17318 10.45565 10.88845
  3.52489  3.73774  3.92052  4.24765  4.55911  4.87926  5.22924  5.42410  5.63795  5.88157
  6.16957  6.33716  6.52703  6.74649  7.00899  7.13056  7.26481  7.41486  7.58555  7.78403
  7.89724  8.02218  8.16231  8.32135  8.50652  8.72812  8.85841  9.00655  9.38558  9.48111
  9.58601  9.70321  9.83568  9.98847 10.16992 10.27529 10.39360 10.52889 10.68871 10.88112
  4.21929  4.46418  4.67422  5.04666  5.39613  5.74792  6.13716  6.35544  6.59689  6.86998
  7.18927  7.37345  7.58030  7.81757  8.09846  8.22774  8.36984  8.52757  8.70590  8.91143
  9.02745  9.15489  9.29710  9.45744  9.64188  9.86060  9.98732 10.12906 10.48060 10.56658
 10.65976 10.76208 10.87457 11.00168
  4.87784  5.15063  5.38144  5.77957  6.16327  6.56228  6.99812  7.23915  7.50336  7.79920
  8.14111  8.33657  8.55456  8.80251  9.09274  9.22494  9.36898  9.52774  9.70552  9.90784
 10.02084 10.14386 10.27851 10.42821 10.59658 10.79016 10.89836 11.01658
  5.50033  5.78057  6.02872  6.48137  6.91370  7.35418  7.82751  8.08596  8.36644  8.67779
  9.03291  9.23365  9.45496  9.70369  9.98988 10.11807 10.25653 10.40630 10.57052 10.75258
 10.85159 10.95688
 11.58835  44  44  42  36  28  24
  1.92227  2.05843  2.17698  2.39239  2.60151  2.82081  3.06642  3.20562  3.36161  3.54085
  3.75464  3.88054  4.02409  4.19209  4.39576  4.49126  4.59743  4.71740  4.85512  5.01751
  5.11074  5.21505  5.33283  5.46830  5.62866  5.82369  5.94010  6.07346  6.42412  6.51483
  6.61580  6.72974  6.86109  7.01713  7.20561  7.31810  7.44747  7.60116  7.78659  8.02395
  8.35288  8.58408  8.90449  9.43976
  2.82125  3.00092  3.15613  3.43491  3.70210  3.97893  4.28487  4.45668  4.64754  4.86527
  5.12248  5.27259  5.44301  5.64094  5.87840  5.98901  6.11196  6.25008  6.40812  6.59318
  6.69959  6.81762  6.95053  7.10277  7.28114  7.49796  7.62611  7.77293  8.15253  8.25006
  8.35810  8.47956  8.61979  8.78230  8.97879  9.09536  9.22830  9.38507  9.56993  9.80648
 10.13172 10.35015 10.65158 11.13031
  3.59378  3.80899  3.99388  4.32389  4.63815  4.96132  5.31498  5.51199  5.72918  5.97460
  6.26408  6.43323  6.62470  6.84626  7.11110  7.23386  7.36977  7.52178  7.69506  7.89632
  8.01137  8.13863  8.28119  8.44346  8.63325  8.86058  8.99449  9.14676  9.53588  9.63414
  9.74353  9.86541 10.00440 10.16518 10.35684 10.46942 10.59540 10.74128 10.91372 11.12390
 11.40082 11.58119
  4.30178  4.54888  4.76081  5.13699  5.49127  5.84998  6.23972  6.45905  6.70171  6.97682
  7.29891  7.48500  7.69441  7.93528  8.22020  8.35177  8.49637  8.65735  8.83956  9.05020
  9.16947  9.30095  9.44761  9.61312  9.80386 10.03150 10.16392 10.31362 10.68836 10.78126
 10.88233 10.99403 11.11877 11.26021 11.42380 11.51695
  4.97200  5.24854  5.48311  5.89077  6.27393  6.67375  7.11184  7.35469  7.62131  7.92060
  8.26782  8.46640  8.68837  8.94168  9.23882  9.37467  9.52345  9.68781  9.87244 10.08344
 10.20201 10.33157 10.47441 10.63470 10.81578 11.02653 11.14673 11.27881
  5.61119  5.90115  6.14764  6.59896  7.03252  7.47572  7.95328  8.21493  8.49977  8.81665
  9.17979  9.38571  9.61405  9.87161 10.17001 10.30482 10.45082 10.61065 10.78757 10.98622
 11.09540 11.21251 11.33918 11.47723
 12.18249  44  44  43  39  32  26
  1.96181  2.09946  2.21934  2.43704  2.64818  2.86962  3.11728  3.25765  3.41468  3.59546
  3.81118  3.93813  4.08285  4.25224  4.45732  4.55369  4.66080  4.78166  4.92054  5.08417
  5.17844  5.28337  5.40238  5.53920  5.70062  5.89773  6.01508  6.15009  6.50357  6.59494
  6.69715  6.81272  6.94547  7.10293  7.29447  7.40712  7.53809  7.69332  7.88182  8.12422
  8.46216  8.70502  9.03529  9.58569
  2.87627  3.05788  3.21464  3.49627  3.76597  4.04521  4.35371  4.52692  4.71913  4.93875
  5.19843  5.34988  5.52153  5.72136  5.96127  6.07320  6.19710  6.33645  6.49579  6.68278
  6.79018  6.90929  7.04340  7.19708  7.37775  7.59733  7.72694  7.87601  8.26260  8.36185
  8.47246  8.59692  8.73950  8.90599  9.10876  9.22760  9.36402  9.52381  9.71806  9.96137
 10.29780 10.52996 10.85088 11.36240
  3.66285  3.88038  4.06705  4.40031  4.71718  5.04319  5.40006  5.59911  5.81862  6.06757
  6.35897  6.52896  6.72182  6.94512  7.21254  7.33688  7.47408  7.62779  7.80302  8.00740
  8.12395  8.25273  8.39747  8.56257  8.75519  8.98704  9.12342  9.27936  9.68060  9.78295
  9.89620 10.02280 10.16694 10.33393 10.53448 10.65181 10.78513 10.93969 11.12360 11.35122
 11.65341 11.85561 12.11564
  4.38437  4.63371  4.84740  5.22743  5.58562  5.95005  6.34308  6.56307  6.80692  7.08384
  7.40845  7.59627  7.80754  8.05099  8.34039  8.47369  8.62058  8.78437  8.96986  9.18500
  9.30702  9.44180  9.59229  9.76305  9.96098 10.19626 10.33397 10.49007 10.88449 10.98282
 11.09087 11.21059 11.34611 11.50017 11.68076 11.78424 11.89875 12.03012 12.17982
  5.06611  5.34595  5.58379  6.00114  6.38615  6.78617  7.22604  7.47063  7.73933  8.04159
  8.39253  8.59400  8.81945  9.07721  9.38070  9.51965  9.67186  9.84078 10.03120 10.25002
 10.37349 10.50871 10.65822 10.82665 11.01987 11.24578 11.37607 11.52098 11.87548 11.96059
 12.05184 12.15062
  5.71995  6.02145  6.26937  6.71898  7.15262  7.59760  8.07902  8.34374  8.63210  8.95383
  9.32337  9.53351  9.76733 10.03242 10.34159 10.48189 10.63446 10.80230 10.98947 11.20125
 11.31883 11.44613 11.58531 11.73852 11.90934 12.10289
