1.16410113,2.58851772e-09
1.16717466,2.6946171e-09
1.1702482,2.9416879e-09
1.17332173,3.18615414e-09
1.17639527,3.39019561e-09
1.1794688,3.57913619e-09
1.18254233,3.78217274e-09
1.18561587,4.02028458e-09
1.1886894,4.32921257e-09
1.19176294,4.86072149e-09
1.19483647,5.97470352e-09
1.19791001,9.18659837e-09
1.20098354,4.05951039e-08
1.20405707,1.55116262e-08
1.20713061,8.12206355e-09
1.21020414,6.93171853e-09
1.21327768,7.32433064e-09
1.21635121,9.38783042e-09
1.21942475,1.82423855e-08
1.22249828,4.24480234e-08
1.22557182,7.23001032e-09
1.22864535,3.31107027e-09
1.23171888,1.9201703e-09
1.23479242,1.31394464e-09
1.23786595,1.06696004e-09
1.24093949,9.9906342e-10
1.24401302,1.01360385e-09
1.24708656,1.06330183e-09
1.25016009,1.13162212e-09
1.25323362,1.21973655e-09
1.25630716,1.34083029e-09
1.25938069,1.56088093e-09
1.26245423,2.1112033e-09
1.26552776,4.70353522e-09
1.2686013,9.76744974e-09
1.27167483,2.88145643e-09
1.27474836,2.09457425e-09
1.2778219,1.89447391e-09
1.28089543,1.87921884e-09
1.28396897,1.99492753e-09
1.2870425,2.30088462e-09
1.29011604,3.1375431e-09
1.29318957,8.21092754e-09
1.2962631,4.71531614e-09
1.29933664,1.42498032e-09
1.30241017,8.83698547e-10
1.30548371,7.73185946e-10
1.30855724,7.67090634e-10
1.31163078,7.83639461e-10
1.31470431,8.01869141e-10
1.31777785,8.16471995e-10
1.32085138,8.26102796e-10
1.32392491,8.29927707e-10
1.32699845,8.2854951e-10
1.33007198,8.25725282e-10
1.33314552,8.36248794e-10
1.33621905,9.09357085e-10
1.33929259,1.17438999e-09
1.34236612,1.86992495e-09
1.34543965,3.30446947e-09
1.34851319,5.40210847e-09
1.35158672,6.34423297e-09
1.35466026,4.94001521e-09
1.35773379,3.14727133e-09
1.36080733,1.9339928e-09
1.36388086,1.20831181e-09
1.36695439,7.88630631e-10
1.37002793,5.71755216e-10
1.37310146,4.99812401e-10
1.376175,5.1732291e-10
1.37924853,5.76371157e-10
1.38232207,6.53249539e-10
1.3853956,7.41783919e-10
1.38846913,8.45574794e-10
1.39154267,9.76624672e-10
1.3946162,1.16198202e-09
1.39768974,1.47247388e-09
1.40076327,2.16236225e-09
1.40383681,5.26199143e-09
1.40691034,6.7462702e-09
1.40998387,1.99769367e-09
1.41305741,1.37731701e-09
1.41613094,1.34159196e-09
1.41920448,1.64232193e-09
1.42227801,2.68891498e-09
1.42535155,2.29870767e-08
1.42842508,2.46068729e-09
1.43149862,9.60363267e-10
1.43457215,5.16239261e-10
1.43764568,3.31161127e-10
1.44071922,2.65749372e-10
1.44379275,2.63915416e-10
1.44686629,2.89244441e-10
1.44993982,3.23931498e-10
1.45301336,3.62304993e-10
1.45608689,4.03458201e-10
1.45916042,4.49337111e-10
1.46223396,5.04587539e-10
1.46530749,5.7928927e-10
1.46838103,7.00335211e-10
1.47145456,9.56652128e-10
1.4745281,1.95409786e-09
1.47760163,4.66278702e-09
1.48067516,1.0598692e-09
1.4837487,7.53293753e-10
1.48682223,7.32049828e-10
1.48989577,8.19272852e-10
1.4929693,1.02742375e-09
1.49604284,1.56322627e-09
1.49911637,4.99155359e-09
1.5021899,2.55866244e-09
1.50526344,8.27460964e-10
1.50833697,4.25514144e-10
1.51141051,2.61061082e-10
1.51448404,1.89723395e-10
1.51755758,1.6762904e-10
1.52063111,1.69874683e-10
1.52370465,1.82033953e-10
1.52677818,1.97438135e-10
1.52985171,2.13922994e-10
1.53292525,2.31475072e-10
1.53599878,2.5161573e-10
1.53907232,2.78555e-10
1.54214585,3.21477071e-10
1.54521939,4.09948148e-10
1.54829292,6.76420685e-10
1.55136645,3.40871461e-09
1.55443999,1.28367369e-09
1.55751352,6.79685573e-10
1.56058706,5.58418803e-10
1.56366059,5.46462893e-10
1.56673413,6.11395325e-10
1.56980766,8.40305217e-10
1.57288119,2.34895062e-09
1.57595473,1.42467449e-09
1.57902826,4.93149299e-10
1.5821018,3.17240231e-10
1.58517533,2.59244436e-10
1.58824887,2.36086032e-10
1.5913224,2.2534381e-10
1.59439593,2.19541049e-10
1.59746947,2.15766574e-10
1.600543,2.12741714e-10
1.60361654,2.1004805e-10
1.60669007,2.07787304e-10
1.60976361,2.06890189e-10
1.61283714,2.10761669e-10
1.61591068,2.33024592e-10
1.61898421,3.48807879e-10
1.62205774,2.26688892e-09
1.62513128,6.50670222e-10
1.62820481,3.75046794e-10
1.63127835,3.02052861e-10
1.63435188,2.69366245e-10
1.63742542,2.51346889e-10
1.64049895,2.40845685e-10
1.64357248,2.36013456e-10
1.64664602,2.37825613e-10
1.64971955,2.51292838e-10
1.65279309,2.93719441e-10
1.65586662,4.53346495e-10
1.65894016,1.15991985e-08
1.66201369,3.56864603e-10
1.66508722,1.76030076e-10
1.66816076,1.23636211e-10
1.67123429,9.81026391e-11
1.67430783,8.11489115e-11
1.67738136,6.79056615e-11
1.6804549,5.72434217e-11
1.68352843,4.97386685e-11
1.68660196,4.70407266e-11
1.6896755,5.05457382e-11
1.69274903,5.99267867e-11
1.69582257,7.37365949e-11
1.6988961,9.07448926e-11
1.70196964,1.10322765e-10
1.70504317,1.32543065e-10
1.70811671,1.58382891e-10
1.71119024,1.9103974e-10
1.71426377,2.40821544e-10
1.71733731,3.48608834e-10
1.72041084,8.04382338e-10
1.72348438,2.26131415e-09
1.72655791,5.99002138e-10
1.72963145,4.17870105e-10
1.73270498,3.51373516e-10
1.73577851,3.1078704e-10
1.73885205,2.75605538e-10
1.74192558,2.40026923e-10
1.74499912,2.04394949e-10
1.74807265,1.73891836e-10
1.75114619,1.58182505e-10
1.75421972,1.65175417e-10
1.75729325,1.92000057e-10
1.76036679,2.28716167e-10
1.76344032,2.67037395e-10
1.76651386,3.02123561e-10
1.76958739,3.31527794e-10
1.77266093,3.54217972e-10
1.77573446,3.69967488e-10
1.77880799,3.79215984e-10
1.78188153,3.83140691e-10
1.78495506,3.84457777e-10
1.7880286,3.90108695e-10
1.79110213,4.19502061e-10
1.79417567,5.2865945e-10
1.7972492,8.94182278e-10
1.80032274,2.62479562e-09
1.80339627,6.50850672e-09
1.8064698,1.95007553e-09
1.80954334,1.32382084e-09
1.81261687,1.08659141e-09
1.81569041,9.75277125e-10
1.81876394,9.34427523e-10
1.82183748,9.66468757e-10
1.82491101,1.14174222e-09
1.82798454,1.82924651e-09
1.83105808,1.52773705e-08
1.83413161,2.21931673e-09
1.83720515,1.11351364e-09
1.84027868,7.9290354e-10
1.84335222,6.37218868e-10
1.84642575,5.38451313e-10
1.84949928,4.63727096e-10
1.85257282,4.00054945e-10
1.85564635,3.41689625e-10
1.85871989,2.8686966e-10
1.86179342,2.38680015e-10
1.86486696,2.10675909e-10
1.86794049,2.32055347e-10
1.87101402,3.28379434e-10
1.87408756,5.16349395e-10
1.87716109,8.55463226e-10
1.88023463,1.58904821e-09
1.88330816,4.57768656e-09
1.8863817,7.75711292e-09
1.88945523,2.16635725e-09
1.89252877,1.21685784e-09
1.8956023,8.29828555e-10
1.89867583,7.31809876e-10
1.90174937,9.26259241e-10
1.9048229,1.40917247e-09
1.90789644,2.26129489e-09
1.91096997,3.79314212e-09
1.91404351,6.83854626e-09
1.91711704,1.32674836e-08
1.92019057,2.09217685e-08
1.92326411,1.40325742e-08
1.92633764,5.96150637e-09
1.92941118,2.69565147e-09
1.93248471,1.49702582e-09
1.93555825,1.10123562e-09
1.93863178,9.93989735e-10
1.94170531,9.6673816e-10
1.94477885,9.54248698e-10
1.94785238,9.39906225e-10
1.95092592,9.20214106e-10
1.95399945,8.94767233e-10
1.95707299,8.63680633e-10
1.96014652,8.27519062e-10
1.96322005,7.86935628e-10
1.96629359,7.45444496e-10
1.96936712,7.16419388e-10
1.97244066,7.40455285e-10
1.97551419,9.11056564e-10
1.97858773,1.37034599e-09
1.98166126,2.27276794e-09
1.9847348,3.59311897e-09
1.98780833,4.36934596e-09
1.99088186,3.49145883e-09
1.9939554,2.10229024e-09
1.99702893,1.1670034e-09
2.00010247,6.87322446e-10
2.003176,5.08632628e-10
2.00624954,4.85989674e-10
2.00932307,5.10367981e-10
2.0123966,5.37528661e-10
2.01547014,5.5642137e-10
2.01854367,5.65551163e-10
2.02161721,5.65626998e-10
2.02469074,5.57452153e-10
2.02776428,5.41885842e-10
2.03083781,5.22454875e-10
2.03391134,5.14963511e-10
2.03698488,5.8964968e-10
2.04005841,1.03003945e-09
2.04313195,3.9159137e-09
2.04620548,5.61957035e-09
2.04927902,2.37840608e-09
2.05235255,1.79737624e-09
2.05542608,1.59968086e-09
2.05849962,1.56916821e-09
2.06157315,1.72384898e-09
2.06464669,2.47926779e-09
2.06772022,6.38916218e-08
2.07079376,1.31270321e-09
2.07386729,7.28898074e-10
2.07694083,6.25538325e-10
2.08001436,5.93672315e-10
2.08308789,5.72584471e-10
2.08616143,5.5032608e-10
2.08923496,5.24146165e-10
2.0923085,4.92580384e-10
2.09538203,4.54693285e-10
2.09845557,4.09666241e-10
2.1015291,3.57400435e-10
2.10460263,3.01515754e-10
2.10767617,2.61182985e-10
2.1107497,2.96155993e-10
2.11382324,4.78941273e-10
2.11689677,8.7306219e-10
2.11997031,1.70019266e-09
2.12304384,4.04588613e-09
2.12611737,3.46277645e-08
2.12919091,9.16376416e-09
2.13226444,5.60117103e-09
2.13533798,6.11880429e-09
2.13841151,2.96730446e-08
2.14148505,5.7930659e-09
2.14455858,2.86223975e-09
2.14763211,2.14473193e-09
2.15070565,1.8413128e-09
2.15377918,1.67439631e-09
2.15685272,1.56712377e-09
2.15992625,1.49039794e-09
2.16299979,1.43170451e-09
2.16607332,1.38501167e-09
2.16914686,1.3515466e-09
2.17222039,1.36815261e-09
2.17529392,1.90644567e-09
2.17836746,1.19122662e-08
2.18144099,2.58579755e-09
2.18451453,2.08894057e-09
2.18758806,1.99679141e-09
2.1906616,2.053041e-09
2.19373513,2.25826276e-09
2.19680866,2.77609152e-09
2.1998822,4.61960251e-09
2.20295573,2.43807512e-08
2.20602927,1.91510538e-09
2.2091028,7.76826934e-10
2.21217634,5.62340502e-10
2.21524987,5.69548457e-10
2.2183234,6.12092824e-10
2.22139694,6.50721798e-10
2.22447047,6.80222948e-10
2.22754401,7.01405246e-10
2.23061754,7.15783991e-10
2.23369108,7.24674385e-10
2.23676461,7.29368742e-10
2.23983814,7.32986841e-10
2.24291168,7.45181904e-10
2.24598521,8.10361476e-10
2.24905875,1.21272711e-09
2.25213228,1.01420257e-08
2.25520582,2.43606402e-09
2.25827935,1.51888628e-09
2.26135289,1.28074765e-09
2.26442642,1.18697882e-09
2.26749995,1.15450254e-09
2.27057349,1.17453109e-09
2.27364702,1.31506121e-09
2.27672056,2.70682146e-09
2.27979409,1.04781324e-09
2.28286763,7.76545297e-10
2.28594116,7.72713184e-10
2.28901469,7.68668784e-10
2.29208823,7.55551904e-10
2.29516176,7.31912018e-10
2.2982353,6.94041026e-10
2.30130883,6.32856347e-10
2.30438237,5.25479345e-10
2.3074559,3.02911484e-10
2.31052943,5.78854555e-10
2.31360297,7.12909387e-09
2.3166765,1.968734e-09
2.31975004,1.51185109e-09
2.32282357,1.34309249e-09
2.32589711,1.25650691e-09
2.32897064,1.20479739e-09
2.33204417,1.17127764e-09
2.33511771,1.14861699e-09
2.33819124,1.13316305e-09
2.34126478,1.12299118e-09
2.34433831,1.11713924e-09
2.34741185,1.11532144e-09
2.35048538,1.11792523e-09
2.35355892,1.12633855e-09
2.35663245,1.14403092e-09
2.35970598,1.17947199e-09
2.36277952,1.26507059e-09
2.36585305,1.62753445e-09
2.36892659,3.53719281e-10
2.37200012,7.02338546e-10
2.37507366,8.22925964e-10
2.37814719,8.66254515e-10
2.38122072,8.84083305e-10
2.38429426,8.88668242e-10
2.38736779,8.83178042e-10
2.39044133,8.66606097e-10
2.39351486,8.33317981e-10
2.3965884,7.66976741e-10
2.39966193,6.11484218e-10
2.40273546,4.19343451e-10
2.405809,2.80642285e-09
2.40888253,1.57716287e-09
2.41195607,1.37297244e-09
2.4150296,1.29356446e-09
2.41810314,1.25435156e-09
2.42117667,1.23337481e-09
2.4242502,1.2224565e-09
2.42732374,1.21790507e-09
2.43039727,1.21786226e-09
2.43347081,1.22136498e-09
2.43654434,1.22802113e-09
2.43961788,1.23814342e-09
2.44269141,1.25428137e-09
2.44576495,1.29343348e-09
2.44883848,1.62183702e-09
2.45191201,2.84548419e-09
2.45498555,1.59573514e-09
2.45805908,1.51661065e-09
2.46113262,1.52652353e-09
2.46420615,1.56849334e-09
2.46727969,1.64690602e-09
2.47035322,2.06468444e-09
2.47342675,3.55922945e-09
2.47650029,2.41579737e-09
2.47957382,2.55230837e-09
2.48264736,2.93788121e-09
2.48572089,3.66323211e-09
2.48879443,5.2088811e-09
2.49186796,1.021897e-08
2.49494149,1.13851591e-07
2.49801503,7.91975412e-09
2.50108856,3.9807377e-09
2.5041621,2.64188764e-09
2.50723563,1.99244975e-09
2.51030917,1.62579895e-09
2.5133827,1.40206473e-09
2.51645623,1.25981281e-09
2.51952977,1.16771555e-09
2.5226033,1.10819479e-09
2.52567684,1.07077638e-09
2.52875037,1.04900247e-09
2.53182391,1.03884749e-09
2.53489744,1.03785059e-09
2.53797097,1.04462742e-09
2.54104451,1.05860382e-09
2.54411804,1.07989565e-09
2.54719158,1.10930096e-09
2.55026511,1.14742782e-09
2.55333865,1.19767551e-09
2.55641218,1.26382827e-09
2.55948572,1.35099913e-09
2.56255925,1.46438445e-09
2.56563278,1.6001675e-09
2.56870632,1.69222904e-09
2.57177985,1.30623807e-09
2.57485339,1.17038126e-09
2.57792692,3.4693461e-09
2.58100046,2.88856053e-09
2.58407399,2.14805327e-09
2.58714752,1.68387766e-09
2.59022106,1.40017293e-09
2.59329459,1.2195265e-09
2.59636813,1.09883897e-09
2.59944166,1.01402556e-09
2.6025152,9.51115823e-10
2.60558873,9.00660915e-10
2.60866226,8.55886715e-10
2.6117358,8.10503462e-10
2.61480933,7.56424114e-10
2.61788287,6.79513675e-10
2.6209564,5.55787288e-10
2.62402994,7.62930467e-10
2.62710347,4.7937773e-09
2.630177,1.74348037e-09
2.63325054,1.41263459e-09
2.63632407,1.29885351e-09
2.63939761,1.25219481e-09
2.64247114,1.23884522e-09
2.64554468,1.24898631e-09
2.64861821,1.2817179e-09
2.65169175,1.34235954e-09
2.65476528,1.44471082e-09
2.65783881,1.61984337e-09
2.66091235,1.93967543e-09
2.66398588,2.6248759e-09
2.66705942,4.76987674e-09
2.67013295,3.20728306e-07
2.67320649,4.37114935e-09
2.67628002,2.12789367e-09
2.67935355,1.41608823e-09
2.68242709,1.07151056e-09
2.68550062,8.63077885e-10
2.68857416,7.20688522e-10
2.69164769,6.49658206e-10
2.69472123,7.83081001e-10
2.69779476,1.50050082e-09
2.70086829,4.60205613e-09
2.70394183,2.62694632e-08
2.70701536,5.57608939e-09
2.7100889,3.99752108e-09
2.71316243,3.75310945e-09
2.71623597,4.47898629e-09
2.7193095,1.17866482e-08
2.72238303,3.7670231e-09
2.72545657,9.3828749e-10
2.7285301,6.35980234e-10
2.73160364,6.98774431e-10
2.73467717,7.71090775e-10
2.73775071,8.21373241e-10
2.74082424,8.54258348e-10
2.74389778,8.75033575e-10
2.74697131,8.87054815e-10
2.75004484,8.92168905e-10
2.75311838,8.91149271e-10
2.75619191,8.83899791e-10
2.75926545,8.69445356e-10
2.76233898,8.45708347e-10
2.76541252,8.09040716e-10
2.76848605,7.53626108e-10
2.77155958,6.72513131e-10
2.77463312,5.74233284e-10
2.77770665,6.13881155e-10
2.78078019,1.33251585e-09
2.78385372,3.77348298e-09
2.78692726,1.23954016e-08
2.79000079,3.01445082e-08
2.79307432,1.58560401e-08
2.79614786,6.89896556e-09
2.79922139,3.83898437e-09
2.80229493,2.56461892e-09
2.80536846,1.94529699e-09
2.808442,1.61222147e-09
2.81151553,1.41952974e-09
2.81458906,1.30341725e-09
2.8176626,1.24245554e-09
2.82073613,1.27635468e-09
2.82380967,1.78672702e-09
2.8268832,1.59020049e-08
2.82995674,3.34990082e-09
2.83303027,2.13284403e-09
2.83610381,1.81223199e-09
2.83917734,1.68040829e-09
2.84225087,1.61978127e-09
2.84532441,1.59630569e-09
2.84839794,1.59833406e-09
2.85147148,1.62339606e-09
2.85454501,1.67549903e-09
2.85761855,1.76747015e-09
2.86069208,1.93165915e-09
2.86376561,2.26174474e-09
2.86683915,3.15871886e-09
2.86991268,1.15590109e-08
2.87298622,2.55231132e-09
2.87605975,7.66795285e-10
2.87913329,5.62182196e-10
2.88220682,6.1036072e-10
2.88528035,6.68454217e-10
2.88835389,7.07679303e-10
2.89142742,7.28443098e-10
2.89450096,7.33298686e-10
2.89757449,7.24845312e-10
2.90064803,7.08221195e-10
2.90372156,7.10005701e-10
2.90679509,8.27682517e-10
2.90986863,1.35156589e-09
2.91294216,3.21394915e-09
2.9160157,1.6690302e-08
2.91908923,1.60766877e-08
2.92216277,1.00823385e-08
2.9252363,1.48057731e-08
2.92830984,2.95894928e-08
2.93138337,4.79676914e-09
2.9344569,2.31121125e-09
2.93753044,1.56325653e-09
2.94060397,1.28437483e-09
2.94367751,1.16906961e-09
2.94675104,1.11552281e-09
2.94982458,1.08604934e-09
2.95289811,1.0657592e-09
2.95597164,1.04857498e-09
2.95904518,1.03258114e-09
2.96211871,1.01938971e-09
2.96519225,1.01721789e-09
2.96826578,1.05337852e-09
2.97133932,1.20847115e-09
2.97441285,1.73636237e-09
2.97748638,3.70402256e-09
2.98055992,4.08027449e-08
2.98363345,7.30371466e-09
2.98670699,4.23032641e-09
2.98978052,3.39048968e-09
2.99285406,3.07837714e-09
2.99592759,3.01711518e-09
2.99900112,3.17930901e-09
3.00207466,3.73598583e-09
3.00514819,5.73242357e-09
3.00822173,4.56100201e-07
3.01129526,3.49410865e-09
3.0143688,1.60130638e-09
3.01744233,1.210112e-09
3.02051587,1.12524381e-09
3.0235894,1.11237368e-09
3.02666293,1.11413838e-09
3.02973647,1.1161203e-09
