1.16410113,2.58861524e-09
1.16717466,2.69471862e-09
1.1702482,2.94179873e-09
1.17332173,3.18627419e-09
1.17639527,3.39032334e-09
1.1794688,3.57927104e-09
1.18254233,3.78231524e-09
1.18561587,4.02043605e-09
1.1886894,4.32937568e-09
1.19176294,4.86090463e-09
1.19483647,5.97492863e-09
1.19791001,9.18694449e-09
1.20098354,4.05966334e-08
1.20405707,1.55122106e-08
1.20713061,8.12236957e-09
1.21020414,6.9319797e-09
1.21327768,7.3246066e-09
1.21635121,9.38818413e-09
1.21942475,1.82430729e-08
1.22249828,4.24496227e-08
1.22557182,7.23028273e-09
1.22864535,3.31119502e-09
1.23171888,1.92024264e-09
1.23479242,1.31399414e-09
1.23786595,1.06700024e-09
1.24093949,9.99101062e-10
1.24401302,1.01364204e-09
1.24708656,1.06334189e-09
1.25016009,1.13166476e-09
1.25323362,1.21978251e-09
1.25630716,1.34088081e-09
1.25938069,1.56093974e-09
1.26245423,2.11128284e-09
1.26552776,4.70371243e-09
1.2686013,9.76781775e-09
1.27167483,2.88156499e-09
1.27474836,2.09465317e-09
1.2778219,1.89454529e-09
1.28089543,1.87928964e-09
1.28396897,1.99500269e-09
1.2870425,2.30097131e-09
1.29011604,3.13766131e-09
1.29318957,8.21123691e-09
1.2962631,4.7154938e-09
1.29933664,1.42503401e-09
1.30241017,8.83731842e-10
1.30548371,7.73215077e-10
1.30855724,7.67119536e-10
1.31163078,7.83668987e-10
1.31470431,8.01899353e-10
1.31777785,8.16502757e-10
1.32085138,8.26133921e-10
1.32392491,8.29958976e-10
1.32699845,8.28580728e-10
1.33007198,8.25756393e-10
1.33314552,8.36280301e-10
1.33621905,9.09391346e-10
1.33929259,1.17443423e-09
1.34236612,1.8699954e-09
1.34543965,3.30459397e-09
1.34851319,5.402312e-09
1.35158672,6.344472e-09
1.35466026,4.94020133e-09
1.35773379,3.14738991e-09
1.36080733,1.93406567e-09
1.36388086,1.20835734e-09
1.36695439,7.88660344e-10
1.37002793,5.71776758e-10
1.37310146,4.99831233e-10
1.376175,5.17342401e-10
1.37924853,5.76392873e-10
1.38232207,6.53274151e-10
1.3853956,7.41811867e-10
1.38846913,8.45606653e-10
1.39154267,9.76661468e-10
1.3946162,1.1620258e-09
1.39768974,1.47252935e-09
1.40076327,2.16244373e-09
1.40383681,5.26218969e-09
1.40691034,6.74652438e-09
1.40998387,1.99776894e-09
1.41305741,1.3773689e-09
1.41613094,1.34164251e-09
1.41920448,1.64238381e-09
1.42227801,2.68901629e-09
1.42535155,2.29879428e-08
1.42842508,2.46078e-09
1.43149862,9.60399451e-10
1.43457215,5.16258711e-10
1.43764568,3.31173604e-10
1.44071922,2.65759384e-10
1.44379275,2.6392536e-10
1.44686629,2.89255339e-10
1.44993982,3.23943703e-10
1.45301336,3.62318643e-10
1.45608689,4.03473402e-10
1.45916042,4.4935404e-10
1.46223396,5.0460655e-10
1.46530749,5.79311096e-10
1.46838103,7.00361598e-10
1.47145456,9.56688172e-10
1.4745281,1.95417149e-09
1.47760163,4.6629627e-09
1.48067516,1.05990913e-09
1.4837487,7.53322135e-10
1.48682223,7.3207741e-10
1.48989577,8.1930372e-10
1.4929693,1.02746246e-09
1.49604284,1.56328517e-09
1.49911637,4.99174166e-09
1.5021899,2.55875885e-09
1.50526344,8.2749214e-10
1.50833697,4.25530176e-10
1.51141051,2.61070918e-10
1.51448404,1.89730543e-10
1.51755758,1.67635356e-10
1.52063111,1.69881083e-10
1.52370465,1.82040811e-10
1.52677818,1.97445574e-10
1.52985171,2.13931054e-10
1.53292525,2.31483793e-10
1.53599878,2.5162521e-10
1.53907232,2.78565496e-10
1.54214585,3.21489183e-10
1.54521939,4.09963594e-10
1.54829292,6.7644617e-10
1.55136645,3.40884304e-09
1.55443999,1.28372205e-09
1.55751352,6.79711181e-10
1.56058706,5.58439843e-10
1.56366059,5.46483482e-10
1.56673413,6.1141836e-10
1.56980766,8.40336878e-10
1.57288119,2.34903912e-09
1.57595473,1.42472817e-09
1.57902826,4.93167879e-10
1.5821018,3.17252184e-10
1.58517533,2.59254204e-10
1.58824887,2.36094927e-10
1.5913224,2.25352301e-10
1.59439593,2.1954932e-10
1.59746947,2.15774703e-10
1.600543,2.1274973e-10
1.60361654,2.10055964e-10
1.60669007,2.07795133e-10
1.60976361,2.06897984e-10
1.61283714,2.1076961e-10
1.61591068,2.33033371e-10
1.61898421,3.48821021e-10
1.62205774,2.26697433e-09
1.62513128,6.50694737e-10
1.62820481,3.75060925e-10
1.63127835,3.02064241e-10
1.63435188,2.69376394e-10
1.63742542,2.51356359e-10
1.64049895,2.40854759e-10
1.64357248,2.36022348e-10
1.64664602,2.37834573e-10
1.64971955,2.51302306e-10
1.65279309,2.93730507e-10
1.65586662,4.53363576e-10
1.65894016,1.15996355e-08
1.66201369,3.56878049e-10
1.66508722,1.76036708e-10
1.66816076,1.23640869e-10
1.67123429,9.81063353e-11
1.67430783,8.11519689e-11
1.67738136,6.79082199e-11
1.6804549,5.72455785e-11
1.68352843,4.97405425e-11
1.68660196,4.70424989e-11
1.6896755,5.05476426e-11
1.69274903,5.99290446e-11
1.69582257,7.3739373e-11
1.6988961,9.07483116e-11
1.70196964,1.10326922e-10
1.70504317,1.32548059e-10
1.70811671,1.58388858e-10
1.71119024,1.91046938e-10
1.71426377,2.40830618e-10
1.71733731,3.48621969e-10
1.72041084,8.04412645e-10
1.72348438,2.26139935e-09
1.72655791,5.99024707e-10
1.72963145,4.17885849e-10
1.73270498,3.51386754e-10
1.73577851,3.1079875e-10
1.73885205,2.75615922e-10
1.74192558,2.40035966e-10
1.74499912,2.0440265e-10
1.74807265,1.73898387e-10
1.75114619,1.58188465e-10
1.75421972,1.6518164e-10
1.75729325,1.92007291e-10
1.76036679,2.28724785e-10
1.76344032,2.67047456e-10
1.76651386,3.02134944e-10
1.76958739,3.31540285e-10
1.77266093,3.54231318e-10
1.77573446,3.69981428e-10
1.77880799,3.79230272e-10
1.78188153,3.83155127e-10
1.78495506,3.84472263e-10
1.7880286,3.90123393e-10
1.79110213,4.19517867e-10
1.79417567,5.28679368e-10
1.7972492,8.94215968e-10
1.80032274,2.62489451e-09
1.80339627,6.50875194e-09
1.8064698,1.950149e-09
1.80954334,1.32387072e-09
1.81261687,1.08663235e-09
1.81569041,9.7531387e-10
1.81876394,9.34462729e-10
1.82183748,9.66505171e-10
1.82491101,1.14178524e-09
1.82798454,1.82931543e-09
1.83105808,1.52779461e-08
1.83413161,2.21940035e-09
1.83720515,1.11355559e-09
1.84027868,7.92933414e-10
1.84335222,6.37242877e-10
1.84642575,5.38471601e-10
1.84949928,4.63744568e-10
1.85257282,4.00070018e-10
1.85564635,3.41702499e-10
1.85871989,2.86880468e-10
1.86179342,2.38689007e-10
1.86486696,2.10683847e-10
1.86794049,2.3206409e-10
1.87101402,3.28391806e-10
1.87408756,5.16368849e-10
1.87716109,8.55495458e-10
1.88023463,1.58910808e-09
1.88330816,4.57785904e-09
1.8863817,7.75740519e-09
1.88945523,2.16643887e-09
1.89252877,1.21690368e-09
1.8956023,8.2985982e-10
1.89867583,7.31837449e-10
1.90174937,9.2629414e-10
1.9048229,1.40922557e-09
1.90789644,2.26138009e-09
1.91096997,3.79328504e-09
1.91404351,6.83880391e-09
1.91711704,1.32679835e-08
1.92019057,2.09225567e-08
1.92326411,1.40331029e-08
1.92633764,5.96173098e-09
1.92941118,2.69575303e-09
1.93248471,1.49708223e-09
1.93555825,1.10127711e-09
1.93863178,9.94027186e-10
1.94170531,9.66774584e-10
1.94477885,9.54284651e-10
1.94785238,9.39941638e-10
1.95092592,9.20248777e-10
1.95399945,8.94800945e-10
1.95707299,8.63713174e-10
1.96014652,8.27550241e-10
1.96322005,7.86965278e-10
1.96629359,7.45472583e-10
1.96936712,7.16446381e-10
1.97244066,7.40483184e-10
1.97551419,9.11090889e-10
1.97858773,1.37039762e-09
1.98166126,2.27285357e-09
1.9847348,3.59325435e-09
1.98780833,4.36951058e-09
1.99088186,3.49159038e-09
1.9939554,2.10236945e-09
1.99702893,1.16704737e-09
2.00010247,6.87348342e-10
2.003176,5.08651792e-10
2.00624954,4.86007985e-10
2.00932307,5.1038721e-10
2.0123966,5.37548914e-10
2.01547014,5.56442334e-10
2.01854367,5.65572471e-10
2.02161721,5.65648309e-10
2.02469074,5.57473156e-10
2.02776428,5.41906258e-10
2.03083781,5.22474559e-10
2.03391134,5.14982914e-10
2.03698488,5.89671896e-10
2.04005841,1.03007826e-09
2.04313195,3.91606124e-09
2.04620548,5.61978208e-09
2.04927902,2.37849569e-09
2.05235255,1.79744396e-09
2.05542608,1.59974113e-09
2.05849962,1.56922733e-09
2.06157315,1.72391393e-09
2.06464669,2.4793612e-09
2.06772022,6.3894029e-08
2.07079376,1.31275267e-09
2.07386729,7.28925537e-10
2.07694083,6.25561894e-10
2.08001436,5.93694683e-10
2.08308789,5.72606044e-10
2.08616143,5.50346814e-10
2.08923496,5.24165913e-10
2.0923085,4.92598943e-10
2.09538203,4.54710416e-10
2.09845557,4.09681676e-10
2.1015291,3.574139e-10
2.10460263,3.01527114e-10
2.10767617,2.61192825e-10
2.1107497,2.96167151e-10
2.11382324,4.78959318e-10
2.11689677,8.73095085e-10
2.11997031,1.70025672e-09
2.12304384,4.04603857e-09
2.12611737,3.46290692e-08
2.12919091,9.16410942e-09
2.13226444,5.60138206e-09
2.13533798,6.11903483e-09
2.13841151,2.96741626e-08
2.14148505,5.79328417e-09
2.14455858,2.86234759e-09
2.14763211,2.14481273e-09
2.15070565,1.84138218e-09
2.15377918,1.67445939e-09
2.15685272,1.56718281e-09
2.15992625,1.4904541e-09
2.16299979,1.43175845e-09
2.16607332,1.38506385e-09
2.16914686,1.35159752e-09
2.17222039,1.36820416e-09
2.17529392,1.9065175e-09
2.17836746,1.1912715e-08
2.18144099,2.58589497e-09
2.18451453,2.08901927e-09
2.18758806,1.99686665e-09
2.1906616,2.05311835e-09
2.19373513,2.25834784e-09
2.19680866,2.77619611e-09
2.1998822,4.61977657e-09
2.20295573,2.43816698e-08
2.20602927,1.91517754e-09
2.2091028,7.76856203e-10
2.21217634,5.62361689e-10
2.21524987,5.69569915e-10
2.2183234,6.12115886e-10
2.22139694,6.50746315e-10
2.22447047,6.80248577e-10
2.22754401,7.01431673e-10
2.23061754,7.1581096e-10
2.23369108,7.24701689e-10
2.23676461,7.29396222e-10
2.23983814,7.33014458e-10
2.24291168,7.4520998e-10
2.24598521,8.10392008e-10
2.24905875,1.21277281e-09
2.25213228,1.01424079e-08
2.25520582,2.4361558e-09
2.25827935,1.51894351e-09
2.26135289,1.28079591e-09
2.26442642,1.18702354e-09
2.26749995,1.15454604e-09
2.27057349,1.17457535e-09
2.27364702,1.31511076e-09
2.27672056,2.70692344e-09
2.27979409,1.04785272e-09
2.28286763,7.76574555e-10
2.28594116,7.72742297e-10
2.28901469,7.68697746e-10
2.29208823,7.55580371e-10
2.29516176,7.31939594e-10
2.2982353,6.94067175e-10
2.30130883,6.32880191e-10
2.30438237,5.25499143e-10
2.3074559,3.02922897e-10
2.31052943,5.78876365e-10
2.31360297,7.12936247e-09
2.3166765,1.96880818e-09
2.31975004,1.51190805e-09
2.32282357,1.34314309e-09
2.32589711,1.25655425e-09
2.32897064,1.20484279e-09
2.33204417,1.17132177e-09
2.33511771,1.14866027e-09
2.33819124,1.13320574e-09
2.34126478,1.1230335e-09
2.34433831,1.11718133e-09
2.34741185,1.11536346e-09
2.35048538,1.11796735e-09
2.35355892,1.12638099e-09
2.35663245,1.14407403e-09
2.35970598,1.17951643e-09
2.36277952,1.26511825e-09
2.36585305,1.62759577e-09
2.36892659,3.53732608e-10
2.37200012,7.02365008e-10
2.37507366,8.2295697e-10
2.37814719,8.66287153e-10
2.38122072,8.84116614e-10
2.38429426,8.88701725e-10
2.38736779,8.83211317e-10
2.39044133,8.66638748e-10
2.39351486,8.33349378e-10
2.3965884,7.67005638e-10
2.39966193,6.11507256e-10
2.40273546,4.19359251e-10
2.405809,2.80652859e-09
2.40888253,1.57722229e-09
2.41195607,1.37302417e-09
2.4150296,1.29361319e-09
2.41810314,1.25439882e-09
2.42117667,1.23342128e-09
2.4242502,1.22250256e-09
2.42732374,1.21795096e-09
2.43039727,1.21790815e-09
2.43347081,1.221411e-09
2.43654434,1.2280674e-09
2.43961788,1.23819007e-09
2.44269141,1.25432863e-09
2.44576495,1.29348221e-09
2.44883848,1.62189813e-09
2.45191201,2.8455914e-09
2.45498555,1.59579526e-09
2.45805908,1.5166678e-09
2.46113262,1.52658105e-09
2.46420615,1.56855243e-09
2.46727969,1.64696807e-09
2.47035322,2.06476223e-09
2.47342675,3.55936355e-09
2.47650029,2.41588839e-09
2.47957382,2.55240453e-09
2.48264736,2.93799191e-09
2.48572089,3.66337013e-09
2.48879443,5.20907735e-09
2.49186796,1.0219355e-08
2.49494149,1.13855881e-07
2.49801503,7.92005252e-09
2.50108856,3.98088769e-09
2.5041621,2.64198718e-09
2.50723563,1.99252482e-09
2.51030917,1.6258602e-09
2.5133827,1.40211756e-09
2.51645623,1.25986028e-09
2.51952977,1.16775955e-09
2.5226033,1.10823655e-09
2.52567684,1.07081673e-09
2.52875037,1.049042e-09
2.53182391,1.03888663e-09
2.53489744,1.03788969e-09
2.53797097,1.04466678e-09
2.54104451,1.0586437e-09
2.54411804,1.07993634e-09
2.54719158,1.10934276e-09
2.55026511,1.14747106e-09
2.55333865,1.19772064e-09
2.55641218,1.26387589e-09
2.55948572,1.35105004e-09
2.56255925,1.46443963e-09
2.56563278,1.60022779e-09
2.56870632,1.6922928e-09
2.57177985,1.30628729e-09
2.57485339,1.17042536e-09
2.57792692,3.46947682e-09
2.58100046,2.88866936e-09
2.58407399,2.1481342e-09
2.58714752,1.68394111e-09
2.59022106,1.40022569e-09
2.59329459,1.21957245e-09
2.59636813,1.09888037e-09
2.59944166,1.01406377e-09
2.6025152,9.51151658e-10
2.60558873,9.00694849e-10
2.60866226,8.55918962e-10
2.6117358,8.10533999e-10
2.61480933,7.56452613e-10
2.61788287,6.79539277e-10
2.6209564,5.55808228e-10
2.62402994,7.62959212e-10
2.62710347,4.79395792e-09
2.630177,1.74354606e-09
2.63325054,1.41268781e-09
2.63632407,1.29890245e-09
2.63939761,1.25224199e-09
2.64247114,1.2388919e-09
2.64554468,1.24903337e-09
2.64861821,1.2817662e-09
2.65169175,1.34241011e-09
2.65476528,1.44476525e-09
2.65783881,1.6199044e-09
2.66091235,1.93974851e-09
2.66398588,2.6249748e-09
2.66705942,4.77005645e-09
2.67013295,3.20740391e-07
2.67320649,4.37131405e-09
2.67628002,2.12797385e-09
2.67935355,1.41614158e-09
2.68242709,1.07155094e-09
2.68550062,8.63110404e-10
2.68857416,7.20715675e-10
2.69164769,6.49682683e-10
2.69472123,7.83110506e-10
2.69779476,1.50055736e-09
2.70086829,4.60222952e-09
2.70394183,2.62704529e-08
2.70701536,5.57629948e-09
2.7100889,3.99767169e-09
2.71316243,3.75325086e-09
2.71623597,4.47915504e-09
2.7193095,1.17870922e-08
2.72238303,3.76716503e-09
2.72545657,9.38322842e-10
2.7285301,6.36004195e-10
2.73160364,6.98800759e-10
2.73467717,7.71119828e-10
2.73775071,8.21404188e-10
2.74082424,8.54290534e-10
2.74389778,8.75066544e-10
2.74697131,8.87088236e-10
2.75004484,8.92202519e-10
2.75311838,8.91182847e-10
2.75619191,8.83933094e-10
2.75926545,8.69478114e-10
2.76233898,8.4574021e-10
2.76541252,8.09071198e-10
2.76848605,7.53654502e-10
2.77155958,6.72538469e-10
2.77463312,5.7425492e-10
2.77770665,6.13904284e-10
2.78078019,1.33256605e-09
2.78385372,3.77362516e-09
2.78692726,1.23958686e-08
2.79000079,3.0145644e-08
2.79307432,1.58566375e-08
2.79614786,6.8992255e-09
2.79922139,3.83912901e-09
2.80229493,2.56471555e-09
2.80536846,1.94537028e-09
2.808442,1.61228221e-09
2.81151553,1.41958322e-09
2.81458906,1.30346636e-09
2.8176626,1.24250235e-09
2.82073613,1.27640277e-09
2.82380967,1.78679434e-09
2.8268832,1.5902604e-08
2.82995674,3.35002703e-09
2.83303027,2.13292439e-09
2.83610381,1.81230027e-09
2.83917734,1.6804716e-09
2.84225087,1.6198423e-09
2.84532441,1.59636583e-09
2.84839794,1.59839428e-09
2.85147148,1.62345722e-09
2.85454501,1.67556216e-09
2.85761855,1.76753674e-09
2.86069208,1.93173193e-09
2.86376561,2.26182995e-09
2.86683915,3.15883787e-09
2.86991268,1.15594464e-08
2.87298622,2.55240748e-09
2.87605975,7.66824176e-10
2.87913329,5.62203377e-10
2.88220682,6.10383716e-10
2.88528035,6.68479403e-10
2.88835389,7.07705966e-10
2.89142742,7.28470543e-10
2.89450096,7.33326314e-10
2.89757449,7.24872622e-10
2.90064803,7.08247879e-10
2.90372156,7.10032452e-10
2.90679509,8.27713701e-10
2.90986863,1.35161681e-09
2.91294216,3.21407024e-09
2.9160157,1.66909308e-08
2.91908923,1.60772935e-08
2.92216277,1.00827184e-08
2.9252363,1.48063309e-08
2.92830984,2.95906076e-08
2.93138337,4.79694987e-09
2.9344569,2.31129832e-09
2.93753044,1.56331543e-09
2.94060397,1.28442322e-09
2.94367751,1.16911366e-09
2.94675104,1.11556484e-09
2.94982458,1.08609026e-09
2.95289811,1.06579936e-09
2.95597164,1.04861449e-09
2.95904518,1.03262004e-09
2.96211871,1.01942812e-09
2.96519225,1.01725622e-09
2.96826578,1.05341821e-09
2.97133932,1.20851669e-09
2.97441285,1.73642779e-09
2.97748638,3.70416211e-09
2.98055992,4.08042822e-08
2.98363345,7.30398984e-09
2.98670699,4.2304858e-09
2.98978052,3.39061743e-09
2.99285406,3.07849312e-09
2.99592759,3.01722886e-09
2.99900112,3.1794288e-09
3.00207466,3.73612659e-09
3.00514819,5.73263955e-09
3.00822173,4.56117386e-07
3.01129526,3.4942403e-09
3.0143688,1.60136671e-09
3.01744233,1.2101576e-09
3.02051587,1.12528621e-09
3.0235894,1.11241559e-09
3.02666293,1.11418036e-09
3.02973647,1.11616235e-09
