1.16410113,2.3008065e-15
1.16717466,2.39511304e-15
1.1702482,2.61472216e-15
1.17332173,2.83201622e-15
1.17639527,3.01337868e-15
1.1794688,3.18131869e-15
1.18254233,3.36178793e-15
1.18561587,3.57343388e-15
1.1886894,3.84802482e-15
1.19176294,4.32045705e-15
1.19483647,5.31062106e-15
1.19791001,8.16551693e-15
1.20098354,3.60829977e-14
1.20405707,1.37875241e-14
1.20713061,7.21930412e-15
1.21020414,6.16126479e-15
1.21327768,6.51023844e-15
1.21635121,8.34438224e-15
1.21942475,1.62147622e-14
1.22249828,3.7729967e-14
1.22557182,6.42640173e-15
1.22864535,2.94304804e-15
1.23171888,1.70674524e-15
1.23479242,1.16790097e-15
1.23786595,9.48368472e-16
1.24093949,8.88018497e-16
1.24401302,9.00942775e-16
1.24708656,9.45116868e-16
1.25016009,1.00584343e-15
1.25323362,1.08416402e-15
1.25630716,1.19179831e-15
1.25938069,1.38739054e-15
1.26245423,1.87654511e-15
1.26552776,4.18074187e-15
1.2686013,8.68180724e-15
1.27167483,2.56118536e-15
1.27474836,1.86176437e-15
1.2778219,1.68390498e-15
1.28089543,1.6703455e-15
1.28396897,1.77319328e-15
1.2870425,2.04514354e-15
1.29011604,2.78880825e-15
1.29318957,7.29829096e-15
1.2962631,4.19121335e-15
1.29933664,1.26659515e-15
1.30241017,7.85476316e-16
1.30548371,6.87247083e-16
1.30855724,6.81829259e-16
1.31163078,6.96538701e-16
1.31470431,7.12742169e-16
1.31777785,7.2572193e-16
1.32085138,7.34282277e-16
1.32392491,7.37682053e-16
1.32699845,7.36457041e-16
1.33007198,7.33946723e-16
1.33314552,7.43300557e-16
1.33621905,8.08282933e-16
1.33929259,1.04385769e-15
1.34236612,1.66208462e-15
1.34543965,2.93718092e-15
1.34851319,4.80166938e-15
1.35158672,5.63907767e-15
1.35466026,4.39093734e-15
1.35773379,2.7974552e-15
1.36080733,1.71903139e-15
1.36388086,1.07400913e-15
1.36695439,7.00975107e-16
1.37002793,5.08205182e-16
1.37310146,4.44258741e-16
1.376175,4.59822974e-16
1.37924853,5.12308065e-16
1.38232207,5.8064149e-16
1.3853956,6.59335361e-16
1.38846913,7.51589982e-16
1.39154267,8.68073793e-16
1.3946162,1.03282886e-15
1.39768974,1.30880984e-15
1.40076327,1.9220178e-15
1.40383681,4.67712622e-15
1.40691034,5.99642885e-15
1.40998387,1.77565197e-15
1.41305741,1.22422957e-15
1.41613094,1.19247533e-15
1.41920448,1.45977945e-15
1.42227801,2.3900447e-15
1.42535155,2.04320856e-14
1.42842508,2.1871843e-15
1.43149862,8.53619828e-16
1.43457215,4.58859771e-16
1.43764568,2.94352891e-16
1.44071922,2.36211588e-16
1.44379275,2.34581475e-16
1.44686629,2.57095204e-16
1.44993982,2.87926828e-16
1.45301336,3.22035146e-16
1.45608689,3.58614216e-16
1.45916042,3.9939373e-16
1.46223396,4.48503127e-16
1.46530749,5.14901834e-16
1.46838103,6.22493637e-16
1.47145456,8.50321179e-16
1.4745281,1.73690179e-15
1.47760163,4.1445228e-15
1.48067516,9.42065771e-16
1.4837487,6.69565888e-16
1.48682223,6.50683205e-16
1.48989577,7.28211474e-16
1.4929693,9.13226604e-16
1.49604284,1.3894752e-15
1.49911637,4.43674729e-15
1.5021899,2.27426961e-15
1.50526344,7.35489486e-16
1.50833697,3.78218662e-16
1.51141051,2.32044397e-16
1.51448404,1.68635825e-16
1.51755758,1.48997236e-16
1.52063111,1.50993278e-16
1.52370465,1.61801057e-16
1.52677818,1.75493079e-16
1.52985171,1.90145663e-16
1.53292525,2.05746843e-16
1.53599878,2.23648887e-16
1.53907232,2.47593884e-16
1.54214585,2.85745208e-16
1.54521939,3.64382812e-16
1.54829292,6.01237186e-16
1.55136645,3.02983931e-15
1.55443999,1.14099461e-15
1.55751352,6.04139185e-16
1.56058706,4.96351099e-16
1.56366059,4.85724076e-16
1.56673413,5.43439332e-16
1.56980766,7.46906113e-16
1.57288119,2.08786705e-15
1.57595473,1.26632331e-15
1.57902826,4.38336236e-16
1.5821018,2.8197929e-16
1.58517533,2.3042967e-16
1.58824887,2.098453e-16
1.5913224,2.00297066e-16
1.59439593,1.95139276e-16
1.59746947,1.9178433e-16
1.600543,1.8909568e-16
1.60361654,1.86701414e-16
1.60669007,1.84691948e-16
1.60976361,1.83894547e-16
1.61283714,1.87335716e-16
1.61591068,2.07124136e-16
1.61898421,3.10038224e-16
1.62205774,2.01492643e-15
1.62513128,5.78348862e-16
1.62820481,3.33360709e-16
1.63127835,2.6847998e-16
1.63435188,2.3942645e-16
1.63742542,2.23409927e-16
1.64049895,2.14075922e-16
1.64357248,2.0978079e-16
1.64664602,2.11391528e-16
1.64971955,2.23361884e-16
1.65279309,2.61072812e-16
1.65586662,4.02957475e-16
1.65894016,1.03099589e-14
1.66201369,3.17199451e-16
1.66508722,1.56464505e-16
1.66816076,1.09894167e-16
1.67123429,8.71986266e-17
1.67430783,7.21292892e-17
1.67738136,6.03580135e-17
1.6804549,5.08808713e-17
1.68352843,4.42102641e-17
1.68660196,4.18121957e-17
1.6896755,4.49276288e-17
1.69274903,5.32659829e-17
1.69582257,6.55408444e-17
1.6988961,8.06586864e-17
1.70196964,9.80604975e-17
1.70504317,1.17811033e-16
1.70811671,1.40778787e-16
1.71119024,1.6980586e-16
1.71426377,2.14054465e-16
1.71733731,3.09861303e-16
1.72041084,7.14976027e-16
1.72348438,2.00997129e-15
1.72655791,5.32423636e-16
1.72963145,3.71424251e-16
1.73270498,3.12318693e-16
1.73577851,2.76243364e-16
1.73885205,2.44972252e-16
1.74192558,2.13348165e-16
1.74499912,1.8167665e-16
1.74807265,1.54563928e-16
1.75114619,1.40600674e-16
1.75421972,1.46816331e-16
1.75729325,1.70659438e-16
1.76036679,2.03294589e-16
1.76344032,2.37356449e-16
1.76651386,2.68542822e-16
1.76958739,2.94678804e-16
1.77266093,3.1484699e-16
1.77573446,3.28845963e-16
1.77880799,3.37066498e-16
1.78188153,3.40554977e-16
1.78495506,3.41725671e-16
1.7880286,3.46748495e-16
1.79110213,3.72874817e-16
1.79417567,4.69899468e-16
1.7972492,7.94794791e-16
1.80032274,2.33305215e-15
1.80339627,5.78509256e-15
1.8064698,1.73332654e-15
1.80954334,1.17667945e-15
1.81261687,9.65817836e-16
1.81569041,8.66876025e-16
1.81876394,8.30566816e-16
1.82183748,8.59046699e-16
1.82491101,1.01483869e-15
1.82798454,1.62592754e-15
1.83105808,1.35793057e-14
1.83413161,1.97264184e-15
1.83720515,9.89747686e-16
1.84027868,7.04773086e-16
1.84335222,5.66392613e-16
1.84642575,4.78602976e-16
1.84949928,4.12184282e-16
1.85257282,3.55589229e-16
1.85564635,3.03711157e-16
1.85871989,2.54984377e-16
1.86179342,2.12150964e-16
1.86486696,1.87259488e-16
1.86794049,2.06262622e-16
1.87101402,2.91880381e-16
1.87408756,4.58957664e-16
1.87716109,7.60379324e-16
1.88023463,1.41242706e-15
1.88330816,4.06888117e-15
1.8863817,6.8949174e-15
1.88945523,1.92556875e-15
1.89252877,1.08160528e-15
1.8956023,7.37593921e-16
1.89867583,6.50469923e-16
1.90174937,8.23306431e-16
1.9048229,1.25254433e-15
1.90789644,2.00995417e-15
1.91096997,3.37153808e-15
1.91404351,6.07844852e-15
1.91711704,1.17928158e-14
1.92019057,1.85963343e-14
1.92326411,1.24728673e-14
1.92633764,5.29889076e-15
1.92941118,2.39603244e-15
1.93248471,1.33063286e-15
1.93555825,9.78834356e-16
1.93863178,8.83508747e-16
1.94170531,8.59286157e-16
1.94477885,8.48184887e-16
1.94785238,8.35436566e-16
1.95092592,8.17933207e-16
1.95399945,7.95314728e-16
1.95707299,7.67683374e-16
1.96014652,7.35541127e-16
1.96322005,6.99468502e-16
1.96629359,6.62589069e-16
1.96936712,6.36790073e-16
1.97244066,6.58154403e-16
1.97551419,8.09793516e-16
1.97858773,1.21803337e-15
1.98166126,2.020152e-15
1.9847348,3.19374731e-15
1.98780833,3.88369742e-15
1.99088186,3.10338659e-15
1.9939554,1.86862273e-15
1.99702893,1.03729212e-15
2.00010247,6.10927227e-16
2.003176,4.52098608e-16
2.00624954,4.31972396e-16
2.00932307,4.53641079e-16
2.0123966,4.77782875e-16
2.01547014,4.94575678e-16
2.01854367,5.02690703e-16
2.02161721,5.02758109e-16
2.02469074,4.9549189e-16
2.02776428,4.81655759e-16
2.03083781,4.64384525e-16
2.03391134,4.5772582e-16
2.03698488,5.24110694e-16
2.04005841,9.15551573e-16
2.04313195,3.48066372e-15
2.04620548,4.99496059e-15
2.04927902,2.11404856e-15
2.05235255,1.59759963e-15
2.05542608,1.42187789e-15
2.05849962,1.39475669e-15
2.06157315,1.53224485e-15
2.06464669,2.20369959e-15
2.06772022,5.67901304e-14
2.07079376,1.16679753e-15
2.07386729,6.47881765e-16
2.07694083,5.56010351e-16
2.08001436,5.27686217e-16
2.08308789,5.08942266e-16
2.08616143,4.89157873e-16
2.08923496,4.6588783e-16
2.0923085,4.37830556e-16
2.09538203,4.0415457e-16
2.09845557,3.64132238e-16
2.1015291,3.17675725e-16
2.10460263,2.68002572e-16
2.10767617,2.32152751e-16
2.1107497,2.63238544e-16
2.11382324,4.25707419e-16
2.11689677,7.7602218e-16
2.11997031,1.5112179e-15
2.12304384,3.59618984e-15
2.12611737,3.07789223e-14
2.12919091,8.14522072e-15
2.13226444,4.97860634e-15
2.13533798,5.43870517e-15
2.13841151,2.63749146e-14
2.14148505,5.14917229e-15
2.14455858,2.5441046e-15
2.14763211,1.90634707e-15
2.15070565,1.63665268e-15
2.15377918,1.48828879e-15
2.15685272,1.39293949e-15
2.15992625,1.32474167e-15
2.16299979,1.27257195e-15
2.16607332,1.23106897e-15
2.16914686,1.20132352e-15
2.17222039,1.21608379e-15
2.17529392,1.69454609e-15
2.17836746,1.05882294e-14
2.18144099,2.29838867e-15
2.18451453,1.85675686e-15
2.18758806,1.77485e-15
2.1906616,1.8248475e-15
2.19373513,2.00725906e-15
2.19680866,2.46753166e-15
2.1998822,4.10613821e-15
2.20295573,2.16708546e-14
2.20602927,1.70224329e-15
2.2091028,6.90483379e-16
2.21217634,4.99836904e-16
2.21524987,5.06243702e-16
2.2183234,5.44059304e-16
2.22139694,5.78394706e-16
2.22447047,6.04616832e-16
2.22754401,6.23444738e-16
2.23061754,6.362253e-16
2.23369108,6.44127535e-16
2.23676461,6.48300118e-16
2.23983814,6.51516069e-16
2.24291168,6.62355663e-16
2.24598521,7.20290589e-16
2.24905875,1.07793368e-15
2.25213228,9.01474949e-15
2.25520582,2.16529788e-15
2.25827935,1.35006355e-15
2.26135289,1.1383938e-15
2.26442642,1.05504728e-15
2.26749995,1.02618071e-15
2.27057349,1.04398311e-15
2.27364702,1.16889344e-15
2.27672056,2.40596089e-15
2.27979409,9.3134982e-16
2.28286763,6.90233045e-16
2.28594116,6.86826868e-16
2.28901469,6.83232e-16
2.29208823,6.71573048e-16
2.29516176,6.50560712e-16
2.2982353,6.16899043e-16
2.30130883,5.62514982e-16
2.30438237,4.67072829e-16
2.3074559,2.69243168e-16
2.31052943,5.14515437e-16
2.31360297,6.33670205e-15
2.3166765,1.74991114e-15
2.31975004,1.34381032e-15
2.32282357,1.19380907e-15
2.32589711,1.1168474e-15
2.32897064,1.07088534e-15
2.33204417,1.04109127e-15
2.33511771,1.02094934e-15
2.33819124,1.00721308e-15
2.34126478,9.98171811e-16
2.34433831,9.929703e-16
2.34741185,9.91354552e-16
2.35048538,9.93668934e-16
2.35355892,1.00114712e-15
2.35663245,1.016873e-15
2.35970598,1.04837483e-15
2.36277952,1.12445923e-15
2.36585305,1.44663558e-15
2.36892659,3.14403728e-16
2.37200012,6.24274302e-16
2.37507366,7.31458547e-16
2.37814719,7.69971172e-16
2.38122072,7.85818309e-16
2.38429426,7.89893635e-16
2.38736779,7.85013665e-16
2.39044133,7.70283676e-16
2.39351486,7.40695501e-16
2.3965884,6.81728025e-16
2.39966193,5.43518344e-16
2.40273546,3.72733836e-16
2.405809,2.49449169e-15
2.40888253,1.40186276e-15
2.41195607,1.2203679e-15
2.4150296,1.14978603e-15
2.41810314,1.11493161e-15
2.42117667,1.09628641e-15
2.4242502,1.08658165e-15
2.42732374,1.08253611e-15
2.43039727,1.08249806e-15
2.43347081,1.08561146e-15
2.43654434,1.09152778e-15
2.43961788,1.10052499e-15
2.44269141,1.11486922e-15
2.44576495,1.14966961e-15
2.44883848,1.44157142e-15
2.45191201,2.5292114e-15
2.45498555,1.41837074e-15
2.45805908,1.34804086e-15
2.46113262,1.35685193e-15
2.46420615,1.39415683e-15
2.46727969,1.46385402e-15
2.47035322,1.83519678e-15
2.47342675,3.16362457e-15
2.47650029,2.14728385e-15
2.47957382,2.26862179e-15
2.48264736,2.61133859e-15
2.48572089,3.25606744e-15
2.48879443,4.62991905e-15
2.49186796,9.08314148e-15
2.49494149,1.01197098e-13
2.49801503,7.03948119e-15
2.50108856,3.53828259e-15
2.5041621,2.34824441e-15
2.50723563,1.7709909e-15
2.51030917,1.44509298e-15
2.5133827,1.24622661e-15
2.51645623,1.11978585e-15
2.51952977,1.03792511e-15
2.5226033,9.85020024e-16
2.52567684,9.51760634e-16
2.52875037,9.32406871e-16
2.53182391,9.23380601e-16
2.53489744,9.2249451e-16
2.53797097,9.28518103e-16
2.54104451,9.40941038e-16
2.54411804,9.59866306e-16
2.54719158,9.86003246e-16
2.55026511,1.01989234e-15
2.55333865,1.06455505e-15
2.55641218,1.12335499e-15
2.55948572,1.2008369e-15
2.56255925,1.30161955e-15
2.56563278,1.42231045e-15
2.56870632,1.50413944e-15
2.57177985,1.16105099e-15
2.57485339,1.04029453e-15
2.57792692,3.08373167e-15
2.58100046,2.56749985e-15
2.58407399,1.90929924e-15
2.58714752,1.49671631e-15
2.59022106,1.24454508e-15
2.59329459,1.08397732e-15
2.59636813,9.76704093e-16
2.59944166,9.0131761e-16
2.6025152,8.45400228e-16
2.60558873,8.00553333e-16
2.60866226,7.60755742e-16
2.6117358,7.20416794e-16
2.61480933,6.72348312e-16
2.61788287,6.03986394e-16
2.6209564,4.94012073e-16
2.62402994,6.78131491e-16
2.62710347,4.26095364e-15
2.630177,1.54969423e-15
2.63325054,1.25562163e-15
2.63632407,1.15448721e-15
2.63939761,1.11301458e-15
2.64247114,1.10114878e-15
2.64554468,1.1101627e-15
2.64861821,1.13925621e-15
2.65169175,1.19315758e-15
2.65476528,1.28413262e-15
2.65783881,1.43979936e-15
2.66091235,1.7240824e-15
2.66398588,2.33312351e-15
2.66705942,4.2397096e-15
2.67013295,2.85079668e-13
2.67320649,3.88530037e-15
2.67628002,1.89138037e-15
2.67935355,1.25869141e-15
2.68242709,9.52413211e-16
2.68550062,7.67147621e-16
2.68857416,6.40584697e-16
2.69164769,5.77449331e-16
2.69472123,6.96042313e-16
2.69779476,1.33372162e-15
2.70086829,4.09054208e-15
2.70394183,2.3349638e-14
2.70701536,4.9563125e-15
2.7100889,3.55320051e-15
2.71316243,3.335955e-15
2.71623597,3.98115134e-15
2.7193095,1.04765737e-14
2.72238303,3.34832216e-15
2.72545657,8.33997752e-16
2.7285301,5.65291652e-16
2.73160364,6.21106336e-16
2.73467717,6.85384788e-16
2.73775071,7.30078408e-16
2.74082424,7.59308367e-16
2.74389778,7.77774447e-16
2.74697131,7.88459538e-16
2.75004484,7.93005202e-16
2.75311838,7.920989e-16
2.75619191,7.85655193e-16
2.75926545,7.72807354e-16
2.76233898,7.5170869e-16
2.76541252,7.1911663e-16
2.76848605,6.69861302e-16
2.77155958,5.97763953e-16
2.77463312,5.10407815e-16
2.77770665,5.45648864e-16
2.78078019,1.18440801e-15
2.78385372,3.35406404e-15
2.78692726,1.10176648e-14
2.79000079,2.67939756e-14
2.79307432,1.40936567e-14
2.79614786,6.13215228e-15
2.79922139,3.412285e-15
2.80229493,2.27956403e-15
2.80536846,1.72907913e-15
2.808442,1.43302463e-15
2.81151553,1.26175039e-15
2.81458906,1.15854369e-15
2.8176626,1.10435782e-15
2.82073613,1.13448911e-15
2.82380967,1.58813405e-15
2.8268832,1.41345126e-14
2.82995674,2.97756261e-15
2.83303027,1.8957805e-15
2.83610381,1.61080417e-15
2.83917734,1.49363255e-15
2.84225087,1.43974416e-15
2.84532441,1.41887787e-15
2.84839794,1.42068079e-15
2.85147148,1.44295717e-15
2.85454501,1.48926895e-15
2.85761855,1.57101757e-15
2.86069208,1.71695712e-15
2.86376561,2.01035402e-15
2.86683915,2.80763034e-15
2.86991268,1.02742381e-14
2.87298622,2.26862441e-15
2.87605975,6.81566738e-16
2.87913329,4.99696194e-16
2.88220682,5.42519722e-16
2.88528035,5.94156184e-16
2.88835389,6.29021439e-16
2.89142742,6.47477359e-16
2.89450096,6.51793253e-16
2.89757449,6.44279463e-16
2.90064803,6.29503101e-16
2.90372156,6.3108926e-16
2.90679509,7.35686413e-16
2.90986863,1.20134066e-15
2.91294216,2.85672184e-15
2.9160157,1.48351912e-14
2.91908923,1.42897796e-14
2.92216277,8.96169646e-15
2.9252363,1.31601258e-14
2.92830984,2.63006495e-14
2.93138337,4.26361293e-15
2.9344569,2.05432237e-15
2.93753044,1.38950209e-15
2.94060397,1.14161782e-15
2.94367751,1.03912867e-15
2.94675104,9.91533543e-16
2.94982458,9.65336015e-16
2.95289811,9.47301107e-16
2.95597164,9.32026896e-16
2.95904518,9.17810754e-16
2.96211871,9.06085543e-16
2.96519225,9.04155119e-16
2.96826578,9.3629653e-16
2.97133932,1.07415077e-15
2.97441285,1.54336739e-15
2.97748638,3.29232407e-15
2.98055992,3.62675596e-14
2.98363345,6.49191391e-15
2.98670699,3.76012976e-15
2.98978052,3.01364007e-15
2.99285406,2.73621853e-15
2.99592759,2.68176578e-15
2.99900112,2.82593192e-15
3.00207466,3.32073465e-15
3.00514819,5.09527028e-15
3.00822173,4.05405109e-13
3.01129526,3.10574189e-15
3.0143688,1.42332274e-15
3.01744233,1.07560924e-15
3.02051587,1.00017406e-15
3.0235894,9.88734433e-16
3.02666293,9.90302986e-16
3.02973647,9.92064615e-16
