1.16410113,1.10228856e-08
1.16717466,1.14746968e-08
1.1702482,1.25268176e-08
1.17332173,1.35678471e-08
1.17639527,1.44367327e-08
1.1794688,1.5241313e-08
1.18254233,1.61059193e-08
1.18561587,1.71198894e-08
1.1886894,1.84354214e-08
1.19176294,2.06987871e-08
1.19483647,2.5442543e-08
1.19791001,3.91200038e-08
1.20098354,1.72869277e-07
1.20405707,6.605436e-08
1.20713061,3.45868127e-08
1.21020414,2.95178742e-08
1.21327768,3.11897648e-08
1.21635121,3.99769259e-08
1.21942475,7.76829642e-08
1.22249828,1.80759708e-07
1.22557182,3.07881133e-08
1.22864535,1.40997871e-08
1.23171888,8.17680999e-09
1.23479242,5.59527227e-09
1.23786595,4.54351862e-09
1.24093949,4.25438919e-09
1.24401302,4.31630785e-09
1.24708656,4.52794058e-09
1.25016009,4.81887418e-09
1.25323362,5.19409868e-09
1.25630716,5.70976154e-09
1.25938069,6.64682024e-09
1.26245423,8.99030062e-09
1.26552776,2.00294285e-08
1.2686013,4.15934882e-08
1.27167483,1.22703292e-08
1.27474836,8.91948787e-09
1.2778219,8.06738507e-09
1.28089543,8.00242322e-09
1.28396897,8.49515449e-09
1.2870425,9.7980353e-09
1.29011604,1.33608429e-08
1.29318957,3.49652291e-08
1.2962631,2.00795962e-08
1.29933664,6.06810412e-09
1.30241017,3.76312201e-09
1.30548371,3.29251764e-09
1.30855724,3.2665615e-09
1.31163078,3.33703265e-09
1.31470431,3.41466151e-09
1.31777785,3.47684597e-09
1.32085138,3.51785756e-09
1.32392491,3.53414547e-09
1.32699845,3.52827659e-09
1.33007198,3.51624996e-09
1.33314552,3.56106305e-09
1.33621905,3.87238575e-09
1.33929259,5.0009959e-09
1.34236612,7.96284633e-09
1.34543965,1.40716784e-08
1.34851319,2.30042172e-08
1.35158672,2.70161389e-08
1.35466026,2.10364496e-08
1.35773379,1.34022694e-08
1.36080733,8.23567143e-09
1.36388086,5.14544784e-09
1.36695439,3.35828694e-09
1.37002793,2.43474955e-09
1.37310146,2.12838989e-09
1.376175,2.20295624e-09
1.37924853,2.45440597e-09
1.38232207,2.78178314e-09
1.3853956,3.15879595e-09
1.38846913,3.60077668e-09
1.39154267,4.15883653e-09
1.3946162,4.9481581e-09
1.39768974,6.27034962e-09
1.40076327,9.20815478e-09
1.40383681,2.24075459e-08
1.40691034,2.87281652e-08
1.40998387,8.50693378e-09
1.41305741,5.86513577e-09
1.41613094,5.71300503e-09
1.41920448,6.99362676e-09
1.42227801,1.1450415e-08
1.42535155,9.78876503e-08
1.42842508,1.04785354e-08
1.43149862,4.08958933e-09
1.43457215,2.19834165e-09
1.43764568,1.41020909e-09
1.44071922,1.13166114e-09
1.44379275,1.12385147e-09
1.44686629,1.23171202e-09
1.44993982,1.3794226e-09
1.45301336,1.54283143e-09
1.45608689,1.71807733e-09
1.45916042,1.91344704e-09
1.46223396,2.14872422e-09
1.46530749,2.4668324e-09
1.46838103,2.98229171e-09
1.47145456,4.0737859e-09
1.4745281,8.32128638e-09
1.47760163,1.98559073e-08
1.48067516,4.51332315e-09
1.4837487,3.20780917e-09
1.48682223,3.11734452e-09
1.48989577,3.48877308e-09
1.4929693,4.37515819e-09
1.49604284,6.65680758e-09
1.49911637,2.12559195e-08
1.5021899,1.08957506e-08
1.50526344,3.52364115e-09
1.50833697,1.81199986e-09
1.51141051,1.11169664e-09
1.51448404,8.07913837e-10
1.51755758,7.13827734e-10
1.52063111,7.23390527e-10
1.52370465,7.75169289e-10
1.52677818,8.40766111e-10
1.52985171,9.10964867e-10
1.53292525,9.85708237e-10
1.53599878,1.07147476e-09
1.53907232,1.18619235e-09
1.54214585,1.36897073e-09
1.54521939,1.74571397e-09
1.54829292,2.88045462e-09
1.55136645,1.45155936e-08
1.55443999,5.46636714e-09
1.55751352,2.89435775e-09
1.56058706,2.37795807e-09
1.56366059,2.32704529e-09
1.56673413,2.6035521e-09
1.56980766,3.57833683e-09
1.57288119,1.00027185e-08
1.57595473,6.0668018e-09
1.57902826,2.10001588e-09
1.5821018,1.35092866e-09
1.58517533,1.10396067e-09
1.58824887,1.00534345e-09
1.5913224,9.59599012e-10
1.59439593,9.34888662e-10
1.59746947,9.18815523e-10
1.600543,9.0593453e-10
1.60361654,8.94463889e-10
1.60669007,8.84836781e-10
1.60976361,8.81016526e-10
1.61283714,8.97502751e-10
1.61591068,9.92306678e-10
1.61898421,1.48535562e-09
1.62205774,9.65326876e-09
1.62513128,2.77079943e-09
1.62820481,1.59709083e-09
1.63127835,1.28625511e-09
1.63435188,1.14706316e-09
1.63742542,1.07032994e-09
1.64049895,1.02561185e-09
1.64357248,1.00503439e-09
1.64664602,1.01275124e-09
1.64971955,1.07009977e-09
1.65279309,1.25076826e-09
1.65586662,1.93052051e-09
1.65894016,4.93937658e-08
1.66201369,1.5196642e-09
1.66508722,7.49602514e-10
1.66816076,5.2648966e-10
1.67123429,4.17758071e-10
1.67430783,3.45562699e-10
1.67738136,2.89167941e-10
1.6804549,2.43764099e-10
1.68352843,2.11806027e-10
1.68660196,2.00317172e-10
1.6896755,2.15242834e-10
1.69274903,2.5519088e-10
1.69582257,3.13998257e-10
1.6988961,3.86426009e-10
1.70196964,4.69795981e-10
1.70504317,5.64418407e-10
1.70811671,6.7445414e-10
1.71119024,8.13519332e-10
1.71426377,1.02550905e-09
1.71733731,1.48450802e-09
1.72041084,3.42536365e-09
1.72348438,9.6295293e-09
1.72655791,2.55077723e-09
1.72963145,1.77944865e-09
1.73270498,1.49628107e-09
1.73577851,1.32344854e-09
1.73885205,1.17363242e-09
1.74192558,1.02212525e-09
1.74499912,8.70390852e-10
1.74807265,7.40497081e-10
1.75114619,6.73600822e-10
1.75421972,7.0337928e-10
1.75729325,8.17608722e-10
1.76036679,9.73959781e-10
1.76344032,1.13714604e-09
1.76651386,1.28655617e-09
1.76958739,1.4117705e-09
1.77266093,1.50839384e-09
1.77573446,1.57546123e-09
1.77880799,1.61484482e-09
1.78188153,1.6315577e-09
1.78495506,1.63716635e-09
1.7880286,1.66123009e-09
1.79110213,1.78639814e-09
1.79417567,2.25123151e-09
1.7972492,3.80776569e-09
1.80032274,1.11773706e-08
1.80339627,2.77156786e-08
1.8064698,8.30415775e-09
1.80954334,5.6373289e-09
1.81261687,4.62711641e-09
1.81569041,4.15309817e-09
1.81876394,3.97914514e-09
1.82183748,4.11558881e-09
1.82491101,4.8619694e-09
1.82798454,7.78962217e-09
1.83105808,6.50568108e-08
1.83413161,9.45068844e-09
1.83720515,4.74176143e-09
1.84027868,3.3764826e-09
1.84335222,2.71351849e-09
1.84642575,2.29292896e-09
1.84949928,1.97472503e-09
1.85257282,1.70358498e-09
1.85564635,1.45504341e-09
1.85871989,1.2215993e-09
1.86179342,1.0163896e-09
1.86486696,8.97137552e-10
1.86794049,9.88179269e-10
1.87101402,1.39836359e-09
1.87408756,2.19881064e-09
1.87716109,3.64288536e-09
1.88023463,6.76676716e-09
1.88330816,1.94935175e-08
1.8863817,3.30327152e-08
1.88945523,9.22516696e-09
1.89252877,5.18184004e-09
1.8956023,3.53372325e-09
1.89867583,3.11632271e-09
1.90174937,3.94436151e-09
1.9048229,6.00078836e-09
1.90789644,9.62944729e-09
1.91096997,1.61526311e-08
1.91404351,2.91211115e-08
1.91711704,5.64979537e-08
1.92019057,8.90927881e-08
1.92326411,5.97559982e-08
1.92633764,2.53863446e-08
1.92941118,1.14791016e-08
1.93248471,6.37490108e-09
1.93555825,4.68947699e-09
1.93863178,4.23278352e-09
1.94170531,4.11673603e-09
1.94477885,4.06355119e-09
1.94785238,4.00247552e-09
1.95092592,3.91861905e-09
1.95399945,3.81025665e-09
1.95707299,3.67787818e-09
1.96014652,3.52388856e-09
1.96322005,3.35106897e-09
1.96629359,3.17438407e-09
1.96936712,3.05078421e-09
1.97244066,3.15313813e-09
1.97551419,3.87962277e-09
1.97858773,5.83545052e-09
1.98166126,9.67830386e-09
1.9847348,1.5300857e-08
1.98780833,1.86063245e-08
1.99088186,1.48679497e-08
1.9939554,8.95234547e-09
1.99702893,4.96954104e-09
2.00010247,2.92687844e-09
2.003176,2.16594974e-09
2.00624954,2.06952749e-09
2.00932307,2.17333953e-09
2.0123966,2.28899996e-09
2.01547014,2.36945224e-09
2.01854367,2.40833035e-09
2.02161721,2.40865328e-09
2.02469074,2.37384171e-09
2.02776428,2.30755448e-09
2.03083781,2.22481008e-09
2.03391134,2.19290903e-09
2.03698488,2.51095093e-09
2.04005841,4.38629683e-09
2.04313195,1.66754388e-08
2.04620548,2.39302519e-08
2.04927902,1.01281509e-08
2.05235255,7.65390654e-09
2.05542608,6.81204497e-09
2.05849962,6.68211059e-09
2.06157315,7.34079969e-09
2.06464669,1.05576582e-08
2.06772022,2.72074645e-07
2.07079376,5.5899858e-09
2.07386729,3.10392316e-09
2.07694083,2.66377833e-09
2.08001436,2.52808083e-09
2.08308789,2.43828083e-09
2.08616143,2.3434962e-09
2.08923496,2.23201223e-09
2.0923085,2.09759323e-09
2.09538203,1.93625565e-09
2.09845557,1.7445135e-09
2.1015291,1.52194597e-09
2.10460263,1.2839679e-09
2.10767617,1.11221575e-09
2.1107497,1.26114402e-09
2.11382324,2.03951274e-09
2.11689677,3.71782839e-09
2.11997031,7.24006216e-09
2.12304384,1.72289105e-08
2.12611737,1.47458093e-07
2.12919091,3.90227671e-08
2.13226444,2.38519007e-08
2.13533798,2.60561785e-08
2.13841151,1.26359025e-07
2.14148505,2.46690615e-08
2.14455858,1.21884974e-08
2.14763211,9.13307818e-09
2.15070565,7.84100501e-09
2.15377918,7.13021157e-09
2.15685272,6.67340459e-09
2.15992625,6.34667707e-09
2.16299979,6.09673828e-09
2.16607332,5.89790253e-09
2.16914686,5.75539563e-09
2.17222039,5.8261103e-09
2.17529392,8.11836533e-09
2.17836746,5.07269263e-08
2.18144099,1.10113021e-08
2.18451453,8.89549752e-09
2.18758806,8.50309163e-09
2.1906616,8.7426236e-09
2.19373513,9.61653532e-09
2.19680866,1.18216457e-08
2.1998822,1.96720114e-08
2.20295573,1.03822443e-07
2.20602927,8.15524167e-09
2.2091028,3.30802234e-09
2.21217634,2.39465814e-09
2.21524987,2.42535233e-09
2.2183234,2.60652231e-09
2.22139694,2.77101906e-09
2.22447047,2.8966461e-09
2.22754401,2.98684832e-09
2.23061754,3.04807844e-09
2.23369108,3.0859371e-09
2.23676461,3.10592744e-09
2.23983814,3.12133467e-09
2.24291168,3.17326585e-09
2.24598521,3.45082508e-09
2.24905875,5.16424986e-09
2.25213228,4.31885742e-08
2.25520582,1.03736802e-08
2.25827935,6.46799115e-09
2.26135289,5.45390699e-09
2.26442642,5.0546039e-09
2.26749995,4.91630764e-09
2.27057349,5.00159679e-09
2.27364702,5.60002709e-09
2.27672056,1.15266676e-08
2.27979409,4.46198432e-09
2.28286763,3.30682302e-09
2.28594116,3.29050444e-09
2.28901469,3.27328186e-09
2.29208823,3.21742523e-09
2.29516176,3.11675767e-09
2.2982353,2.95548869e-09
2.30130883,2.69494123e-09
2.30438237,2.23768942e-09
2.3074559,1.28991145e-09
2.31052943,2.46498122e-09
2.31360297,3.03583729e-08
2.3166765,8.38361259e-09
2.31975004,6.43803267e-09
2.32282357,5.71939483e-09
2.32589711,5.35068077e-09
2.32897064,5.13048212e-09
2.33204417,4.98774235e-09
2.33511771,4.89124476e-09
2.33819124,4.82543602e-09
2.34126478,4.7821204e-09
2.34433831,4.75720059e-09
2.34741185,4.74945973e-09
2.35048538,4.76054766e-09
2.35355892,4.79637475e-09
2.35663245,4.87171555e-09
2.35970598,5.02263698e-09
2.36277952,5.38714813e-09
2.36585305,6.93065608e-09
2.36892659,1.50627023e-09
2.37200012,2.99082266e-09
2.37507366,3.50432941e-09
2.37814719,3.68883874e-09
2.38122072,3.76476045e-09
2.38429426,3.78428485e-09
2.38736779,3.7609055e-09
2.39044133,3.69033591e-09
2.39351486,3.54858254e-09
2.3965884,3.2660765e-09
2.39966193,2.60393063e-09
2.40273546,1.78572272e-09
2.405809,1.19508079e-08
2.40888253,6.71615488e-09
2.41195607,5.84663497e-09
2.4150296,5.50848577e-09
2.41810314,5.34150245e-09
2.42117667,5.25217556e-09
2.4242502,5.20568124e-09
2.42732374,5.18629956e-09
2.43039727,5.18611725e-09
2.43347081,5.20103317e-09
2.43654434,5.22937757e-09
2.43961788,5.27248208e-09
2.44269141,5.34120356e-09
2.44576495,5.50792803e-09
2.44883848,6.90639429e-09
2.45191201,1.21171459e-08
2.45498555,6.79524261e-09
2.45805908,6.45830069e-09
2.46113262,6.50051346e-09
2.46420615,6.67923673e-09
2.46727969,7.01314753e-09
2.47035322,8.79220577e-09
2.47342675,1.51565426e-08
2.47650029,1.02873772e-08
2.47957382,1.08686925e-08
2.48264736,1.25106073e-08
2.48572089,1.55994252e-08
2.48879443,2.21813821e-08
2.49186796,4.3516232e-08
2.49494149,4.84823054e-07
2.49801503,3.37253028e-08
2.50108856,1.69514839e-08
2.5041621,1.12501549e-08
2.50723563,8.48460318e-09
2.51030917,6.92326566e-09
2.5133827,5.97052091e-09
2.51645623,5.36475853e-09
2.51952977,4.97257363e-09
2.5226033,4.71911177e-09
2.52567684,4.55977006e-09
2.52875037,4.46704853e-09
2.53182391,4.42380476e-09
2.53489744,4.4195596e-09
2.53797097,4.44841791e-09
2.54104451,4.50793469e-09
2.54411804,4.59860336e-09
2.54719158,4.72382227e-09
2.55026511,4.88618083e-09
2.55333865,5.10015446e-09
2.55641218,5.38185788e-09
2.55948572,5.75306432e-09
2.56255925,6.23590181e-09
2.56563278,6.81411729e-09
2.56870632,7.20615009e-09
2.57177985,5.56245483e-09
2.57485339,4.98392525e-09
2.57792692,1.47737854e-08
2.58100046,1.23005812e-08
2.58407399,9.1472217e-09
2.58714752,7.17058676e-09
2.59022106,5.96246491e-09
2.59329459,5.1932042e-09
2.59636813,4.67927115e-09
2.59944166,4.31810364e-09
2.6025152,4.05021022e-09
2.60558873,3.83535418e-09
2.60866226,3.64468873e-09
2.6117358,3.45142971e-09
2.61480933,3.22113943e-09
2.61788287,2.89362575e-09
2.6209564,2.36675208e-09
2.62402994,3.24884594e-09
2.62710347,2.04137134e-08
2.630177,7.42439758e-09
2.63325054,6.01553134e-09
2.63632407,5.53100856e-09
2.63939761,5.33231821e-09
2.64247114,5.27547061e-09
2.64554468,5.31865519e-09
2.64861821,5.45803869e-09
2.65169175,5.71627365e-09
2.65476528,6.15212405e-09
2.65783881,6.89790458e-09
2.66091235,8.25987022e-09
2.66398588,1.11777125e-08
2.66705942,2.03119358e-08
2.67013295,1.3657822e-06
2.67320649,1.86140041e-08
2.67628002,9.06137455e-09
2.67935355,6.03023826e-09
2.68242709,4.56289648e-09
2.68550062,3.67531145e-09
2.68857416,3.06896379e-09
2.69164769,2.76648989e-09
2.69472123,3.33465452e-09
2.69779476,6.38969894e-09
2.70086829,1.95972923e-08
2.70394183,1.11865291e-07
2.70701536,2.37450936e-08
2.7100889,1.70229538e-08
2.71316243,1.59821569e-08
2.71623597,1.90732144e-08
2.7193095,5.01919973e-08
2.72238303,1.60414064e-08
2.72545657,3.99558234e-09
2.7285301,2.70824392e-09
2.73160364,2.97564532e-09
2.73467717,3.28359561e-09
2.73775071,3.49771733e-09
2.74082424,3.63775453e-09
2.74389778,3.72622329e-09
2.74697131,3.77741427e-09
2.75004484,3.79919199e-09
2.75311838,3.79485001e-09
2.75619191,3.76397898e-09
2.75926545,3.70242654e-09
2.76233898,3.6013454e-09
2.76541252,3.44520078e-09
2.76848605,3.20922446e-09
2.77155958,2.86381478e-09
2.77463312,2.4453021e-09
2.77770665,2.6141377e-09
2.78078019,5.6743555e-09
2.78385372,1.6068915e-08
2.78692726,5.27842992e-08
2.79000079,1.28366696e-07
2.79307432,6.75210043e-08
2.79614786,2.93783997e-08
2.79922139,1.63478447e-08
2.80229493,1.09211155e-08
2.80536846,8.28380893e-09
2.808442,6.86544764e-09
2.81151553,6.0448935e-09
2.81458906,5.55044268e-09
2.8176626,5.29084471e-09
2.82073613,5.43520006e-09
2.82380967,7.60855813e-09
2.8268832,6.77167399e-08
2.82995674,1.42651423e-08
2.83303027,9.08245503e-09
2.83610381,7.71716792e-09
2.83917734,7.15581286e-09
2.84225087,6.8976401e-09
2.84532441,6.79767224e-09
2.84839794,6.80630982e-09
2.85147148,6.91303325e-09
2.85454501,7.13490736e-09
2.85761855,7.52655512e-09
2.86069208,8.22573387e-09
2.86376561,9.6313629e-09
2.86683915,1.34510173e-08
2.86991268,4.92226319e-08
2.87298622,1.08687051e-08
2.87605975,3.26530379e-09
2.87913329,2.39398401e-09
2.88220682,2.59914636e-09
2.88528035,2.8465304e-09
2.88835389,3.01356562e-09
2.89142742,3.1019857e-09
2.89450096,3.12266263e-09
2.89757449,3.08666497e-09
2.90064803,3.0158732e-09
2.90372156,3.0234723e-09
2.90679509,3.52458461e-09
2.90986863,5.75547777e-09
2.91294216,1.36862087e-08
2.9160157,7.10736065e-08
2.91908923,6.84606053e-08
2.92216277,4.29344036e-08
2.9252363,6.30485709e-08
2.92830984,1.2600323e-07
2.93138337,2.04264538e-08
2.9344569,9.84200997e-09
2.93753044,6.65693642e-09
2.94060397,5.46935286e-09
2.94367751,4.97833974e-09
2.94675104,4.75031725e-09
2.94982458,4.62480807e-09
2.95289811,4.53840501e-09
2.95597164,4.46522811e-09
2.95904518,4.39712029e-09
2.96211871,4.34094623e-09
2.96519225,4.3316978e-09
2.96826578,4.48568341e-09
2.97133932,5.14612638e-09
2.97441285,7.39408645e-09
2.97748638,1.57731263e-08
2.98055992,1.73753491e-07
2.98363345,3.11019742e-08
2.98670699,1.80143268e-08
2.98978052,1.4437985e-08
2.99285406,1.3108892e-08
2.99592759,1.28480154e-08
2.99900112,1.3538698e-08
3.00207466,1.5909238e-08
3.00514819,2.44108235e-08
3.00822173,1.94224684e-06
3.01129526,1.48792337e-08
3.0143688,6.81896705e-09
3.01744233,5.15311373e-09
3.02051587,4.79171294e-09
3.0235894,4.73690706e-09
3.02666293,4.74442181e-09
3.02973647,4.75286156e-09
