1.16410113,1.11631919e-19
1.16717466,1.19969524e-19
1.1702482,1.34930362e-19
1.17332173,1.50288996e-19
1.17639527,1.65216071e-19
1.1794688,1.80223384e-19
1.18254233,1.96353181e-19
1.18561587,2.15317555e-19
1.1886894,2.40367986e-19
1.19176294,2.79053032e-19
1.19483647,3.53867489e-19
1.19791001,5.65378519e-19
1.20098354,2.5969427e-18
1.20405707,1.02840361e-18
1.20713061,5.57200093e-19
1.21020414,4.94192619e-19
1.21327768,5.41079625e-19
1.21635121,7.16801338e-19
1.21942475,1.43868885e-18
1.22249828,3.45646417e-18
1.22557182,6.0659977e-19
1.22864535,2.85710285e-19
1.23171888,1.70542118e-19
1.23479242,1.20021942e-19
1.23786595,1.00073192e-19
1.24093949,9.60765358e-20
1.24401302,9.97502411e-20
1.24708656,1.06955945e-19
1.25016009,1.16227509e-19
1.25323362,1.27803186e-19
1.25630716,1.43840248e-19
1.25938069,1.7123755e-19
1.26245423,2.36602644e-19
1.26552776,5.37894403e-19
1.2686013,1.13547819e-18
1.27167483,3.4030988e-19
1.27474836,2.51177246e-19
1.2778219,2.30551484e-19
1.28089543,2.328788e-19
1.28396897,2.51566875e-19
1.2870425,2.95055917e-19
1.29011604,4.08895226e-19
1.29318957,1.08742394e-18
1.2962631,6.34287681e-19
1.29933664,1.94588459e-19
1.30241017,1.22440194e-19
1.30548371,1.08631787e-19
1.30855724,1.09232909e-19
1.31163078,1.13051764e-19
1.31470431,1.17151853e-19
1.31777785,1.20723017e-19
1.32085138,1.2351356e-19
1.32392491,1.25436844e-19
1.32699845,1.26557012e-19
1.33007198,1.27429633e-19
1.33314552,1.30356659e-19
1.33621905,1.4314937e-19
1.33929259,1.86647965e-19
1.34236612,2.99981175e-19
1.34543965,5.35047579e-19
1.34851319,8.82766576e-19
1.35158672,1.04607649e-18
1.35466026,8.21727438e-19
1.35773379,5.28038681e-19
1.36080733,3.27157108e-19
1.36388086,2.0604663e-19
1.36695439,1.35542154e-19
1.37002793,9.9027753e-20
1.37310146,8.72130491e-20
1.376175,9.08843403e-20
1.37924853,1.01936484e-19
1.38232207,1.16293491e-19
1.3853956,1.32908573e-19
1.38846913,1.52443327e-19
1.39154267,1.77100612e-19
1.3946162,2.11927456e-19
1.39768974,2.70079394e-19
1.40076327,3.98832014e-19
1.40383681,9.75935887e-19
1.40691034,1.25815565e-18
1.40998387,3.7459524e-19
1.41305741,2.59653511e-19
1.41613094,2.54256935e-19
1.41920448,3.12616955e-19
1.42227801,5.13658467e-19
1.42535155,4.4066305e-18
1.42842508,4.73355613e-19
1.43149862,1.85377872e-19
1.43457215,1.00067039e-19
1.43764568,6.4533848e-20
1.44071922,5.20588349e-20
1.44379275,5.19669966e-20
1.44686629,5.72448018e-20
1.44993982,6.44224334e-20
1.45301336,7.23469455e-20
1.45608689,8.08881047e-20
1.45916042,9.04435039e-20
1.46223396,1.01962337e-19
1.46530749,1.1751046e-19
1.46838103,1.42364907e-19
1.47145456,1.94797616e-19
1.4745281,3.98568473e-19
1.47760163,9.52628877e-19
1.48067516,2.16893494e-19
1.4837487,1.54452901e-19
1.48682223,1.50474519e-19
1.48989577,1.68822947e-19
1.4929693,2.12238047e-19
1.49604284,3.23710277e-19
1.49911637,1.03614803e-18
1.5021899,5.3157367e-19
1.50526344,1.71944936e-19
1.50833697,8.84396195e-20
1.51141051,5.42707185e-20
1.51448404,3.94488625e-20
1.51755758,3.48620246e-20
1.52063111,3.54252642e-20
1.52370465,3.80665894e-20
1.52677818,4.14016963e-20
1.52985171,4.49809552e-20
1.53292525,4.88032003e-20
1.53599878,5.31835855e-20
1.53907232,5.89211448e-20
1.54214585,6.80501111e-20
1.54521939,8.68409615e-20
1.54829292,1.43392913e-19
1.55136645,7.23127425e-19
1.55443999,2.7252324e-19
1.55751352,1.44493645e-19
1.56058706,1.18874454e-19
1.56366059,1.16485816e-19
1.56673413,1.30501185e-19
1.56980766,1.79599662e-19
1.57288119,5.0270666e-19
1.57595473,3.05287031e-19
1.57902826,1.058076e-19
1.5821018,6.81504784e-20
1.58517533,5.57607765e-20
1.58824887,5.08422689e-20
1.5913224,4.85883448e-20
1.59439593,4.73703262e-20
1.59746947,4.65663741e-20
1.600543,4.59238302e-20
1.60361654,4.5352462e-20
1.60669007,4.48742878e-20
1.60976361,4.46904146e-20
1.61283714,4.55370629e-20
1.61591068,5.03787895e-20
1.61898421,7.545768e-20
1.62205774,4.90701295e-19
1.62513128,1.40934178e-19
1.62820481,8.12845332e-20
1.63127835,6.55044979e-20
1.63435188,5.84389752e-20
1.63742542,5.45291438e-20
1.64049895,5.22504214e-20
1.64357248,5.12015925e-20
1.64664602,5.15942286e-20
1.64971955,5.45153018e-20
1.65279309,6.37186884e-20
1.65586662,9.83440431e-20
1.65894016,2.51603877e-18
1.66201369,7.74041916e-20
1.66508722,3.81785686e-20
1.66816076,2.6813303e-20
1.67123429,2.12743982e-20
1.67430783,1.75967052e-20
1.67738136,1.4719168e-20
1.6804549,1.23985254e-20
1.68352843,1.07648135e-20
1.68660196,1.01731398e-20
1.6896755,1.0922823e-20
1.69274903,1.29402131e-20
1.69582257,1.59101518e-20
1.6988961,1.95678534e-20
1.70196964,2.37843466e-20
1.70504317,2.85685696e-20
1.70811671,3.41307206e-20
1.71119024,4.11591997e-20
1.71426377,5.18734166e-20
1.71733731,7.50748584e-20
1.72041084,1.73191102e-19
1.72348438,4.86622174e-19
1.72655791,1.28824893e-19
1.72963145,8.9816014e-20
1.73270498,7.54784868e-20
1.73577851,6.67205125e-20
1.73885205,5.91326511e-20
1.74192558,5.14686678e-20
1.74499912,4.38092511e-20
1.74807265,3.72776359e-20
1.75114619,3.39157037e-20
1.75421972,3.54209921e-20
1.75729325,4.11802812e-20
1.76036679,4.90633473e-20
1.76344032,5.72933835e-20
1.76651386,6.48319046e-20
1.76958739,7.11483545e-20
1.77266093,7.60157591e-20
1.77573446,7.93934686e-20
1.77880799,8.1375948e-20
1.78188153,8.22159267e-20
1.78495506,8.24963286e-20
1.7880286,8.37066448e-20
1.79110213,9.00112465e-20
1.79417567,1.1339594e-19
1.7972492,1.91608246e-19
1.80032274,5.61889485e-19
1.80339627,1.39188929e-18
1.8064698,4.16623083e-19
1.80954334,2.82546748e-19
1.81261687,2.31684619e-19
1.81569041,2.07744458e-19
1.81876394,1.98846857e-19
1.82183748,2.05489026e-19
1.82491101,2.42547736e-19
1.82798454,3.88266913e-19
1.83105808,3.23993564e-18
1.83413161,4.7025922e-19
1.83720515,2.35746072e-19
1.84027868,1.6772616e-19
1.84335222,1.34679416e-19
1.84642575,1.1370721e-19
1.84949928,9.78429041e-20
1.85257282,8.43358886e-20
1.85564635,7.19699357e-20
1.85871989,6.03713793e-20
1.86179342,5.0186893e-20
1.86486696,4.42606226e-20
1.86794049,4.8710571e-20
1.87101402,6.88711285e-20
1.87408756,1.08201167e-19
1.87716109,1.79108298e-19
1.88023463,3.32413098e-19
1.88330816,9.56785094e-19
1.8863817,1.6199304e-18
1.88945523,4.5201704e-19
1.89252877,2.5368434e-19
1.8956023,1.72850989e-19
1.89867583,1.52304253e-19
1.90174937,1.92715299e-19
1.9048229,2.93202972e-19
1.90789644,4.70524157e-19
1.91096997,7.89303953e-19
1.91404351,1.42308002e-18
1.91711704,2.76105078e-18
1.92019057,4.35416076e-18
1.92326411,2.92054283e-18
1.92633764,1.2408016e-18
1.92941118,5.60925203e-19
1.93248471,3.11194669e-19
1.93555825,2.28689005e-19
1.93863178,2.06209962e-19
1.94170531,2.00354844e-19
1.94477885,1.97567876e-19
1.94785238,1.94403275e-19
1.95092592,1.9013968e-19
1.95399945,1.84696765e-19
1.95707299,1.78101783e-19
1.96014652,1.7039925e-19
1.96322005,1.61769162e-19
1.96629359,1.52981374e-19
1.96936712,1.4677671e-19
1.97244066,1.51445049e-19
1.97551419,1.86023519e-19
1.97858773,2.79330825e-19
1.98166126,4.62497809e-19
1.9847348,7.29948084e-19
1.98780833,8.86140178e-19
1.99088186,7.07371493e-19
1.9939554,4.25609241e-19
1.99702893,2.36085207e-19
2.00010247,1.38942781e-19
2.003176,1.02744602e-19
2.00624954,9.80983508e-20
2.00932307,1.02943392e-19
2.0123966,1.08342187e-19
2.01547014,1.12067893e-19
2.01854367,1.13823324e-19
2.02161721,1.13724221e-19
2.02469074,1.11929554e-19
2.02776428,1.08657459e-19
2.03083781,1.04620145e-19
2.03391134,1.02981213e-19
2.03698488,1.17758117e-19
2.04005841,2.05431058e-19
2.04313195,7.79939708e-19
2.04620548,1.11775578e-18
2.04927902,4.72439195e-19
2.05235255,3.5654572e-19
2.05542608,3.17166307e-19
2.05849962,3.11003779e-19
2.06157315,3.41537357e-19
2.06464669,4.9102729e-19
2.06772022,1.26493922e-17
2.07079376,2.59798242e-19
2.07386729,1.44205139e-19
2.07694083,1.23712188e-19
2.08001436,1.17368175e-19
2.08308789,1.13158833e-19
2.08616143,1.08721312e-19
2.08923496,1.03460398e-19
2.0923085,9.71408839e-20
2.09538203,8.95874432e-20
2.09845557,8.06422992e-20
2.1015291,7.02898118e-20
2.10460263,5.92450879e-20
2.10767617,5.127347e-20
2.1107497,5.80863781e-20
2.11382324,9.3851762e-20
2.11689677,1.70927598e-19
2.11997031,3.32561858e-19
2.12304384,7.9026503e-19
2.12611737,6.75160148e-18
2.12919091,1.78352412e-18
2.13226444,1.08819356e-18
2.13533798,1.18663078e-18
2.13841151,5.74423721e-18
2.14148505,1.11943639e-18
2.14455858,5.52099212e-19
2.14763211,4.12955992e-19
2.15070565,3.53897447e-19
2.15377918,3.21237823e-19
2.15685272,3.00116398e-19
2.15992625,2.84997032e-19
2.16299979,2.73377707e-19
2.16607332,2.6407953e-19
2.16914686,2.57326153e-19
2.17222039,2.6011119e-19
2.17529392,3.61926597e-19
2.17836746,2.25819799e-18
2.18144099,4.89478578e-19
2.18451453,3.94854214e-19
2.18758806,3.76890242e-19
2.1906616,3.86946828e-19
2.19373513,4.2501043e-19
2.19680866,5.21697582e-19
2.1998822,8.66853433e-19
2.20295573,4.56818923e-18
2.20602927,3.58298947e-19
2.2091028,1.45121879e-19
2.21217634,1.04897142e-19
2.21524987,1.06084162e-19
2.2183234,1.13839412e-19
2.22139694,1.20844279e-19
2.22447047,1.2613549e-19
2.22754401,1.29870408e-19
2.23061754,1.32336074e-19
2.23369108,1.33791602e-19
2.23676461,1.34513294e-19
2.23983814,1.35035096e-19
2.24291168,1.37134109e-19
2.24598521,1.48968685e-19
2.24905875,2.22696087e-19
2.25213228,1.86040629e-18
2.25520582,4.4638097e-19
2.25827935,2.78020235e-19
2.26135289,2.34179664e-19
2.26442642,2.16802021e-19
2.26749995,2.10644578e-19
2.27057349,2.14069714e-19
2.27364702,2.39400143e-19
2.27672056,4.91944632e-19
2.27979409,1.90115819e-19
2.28286763,1.40662554e-19
2.28594116,1.39735556e-19
2.28901469,1.38772788e-19
2.29208823,1.36177513e-19
2.29516176,1.31696901e-19
2.2982353,1.24674304e-19
2.30130883,1.13493668e-19
2.30438237,9.40797954e-20
2.3074559,5.41414914e-20
2.31052943,1.0328975e-19
2.31360297,1.26997429e-18
2.3166765,3.49980934e-19
2.31975004,2.68153917e-19
2.32282357,2.376824e-19
2.32589711,2.21855469e-19
2.32897064,2.12242129e-19
2.33204417,2.05867547e-19
2.33511771,2.01424302e-19
2.33819124,1.98260293e-19
2.34126478,1.96030884e-19
2.34433831,1.94562147e-19
2.34741185,1.93799235e-19
2.35048538,1.93804466e-19
2.35355892,1.9481259e-19
2.35663245,1.97415343e-19
2.35970598,2.03191217e-19
2.36277952,2.17635791e-19
2.36585305,2.79604352e-19
2.36892659,6.06834925e-20
2.37200012,1.20325133e-19
2.37507366,1.4078894e-19
2.37814719,1.4799639e-19
2.38122072,1.50833062e-19
2.38429426,1.51405158e-19
2.38736779,1.50261193e-19
2.39044133,1.47237274e-19
2.39351486,1.41385262e-19
2.3965884,1.29948969e-19
2.39966193,1.03460137e-19
2.40273546,7.08522837e-20
2.405809,4.73509256e-19
2.40888253,2.65731572e-19
2.41195607,2.31004026e-19
2.4150296,2.1733856e-19
2.41810314,2.10454798e-19
2.42117667,2.0664521e-19
2.4242502,2.04528695e-19
2.42732374,2.03481391e-19
2.43039727,2.03188774e-19
2.43347081,2.03487216e-19
2.43654434,2.04308994e-19
2.43961788,2.05703852e-19
2.44269141,2.08092348e-19
2.44576495,2.1428647e-19
2.44883848,2.6830623e-19
2.45191201,4.6966943e-19
2.45498555,2.62789198e-19
2.45805908,2.49189297e-19
2.46113262,2.50244964e-19
2.46420615,2.56536431e-19
2.46727969,2.68743309e-19
2.47035322,3.36142119e-19
2.47342675,5.78127397e-19
2.47650029,3.91493254e-19
2.47957382,4.1265871e-19
2.48264736,4.73897107e-19
2.48572089,5.89527487e-19
2.48879443,8.36318471e-19
2.49186796,1.63689115e-18
2.49494149,1.81942853e-17
2.49801503,1.26253112e-18
2.50108856,6.32893986e-19
2.5041621,4.18904878e-19
2.50723563,3.15078481e-19
2.51030917,2.56404172e-19
2.5133827,2.20520901e-19
2.51645623,1.97609438e-19
2.51952977,1.82664937e-19
2.5226033,1.72880958e-19
2.52567684,1.66586266e-19
2.52875037,1.62750626e-19
2.53182391,1.60731151e-19
2.53489744,1.60133254e-19
2.53797097,1.60732179e-19
2.54104451,1.62429848e-19
2.54411804,1.65234741e-19
2.54719158,1.69259217e-19
2.55026511,1.74732536e-19
2.55333865,1.82029379e-19
2.55641218,1.91709246e-19
2.55948572,2.04532109e-19
2.56255925,2.21264486e-19
2.56563278,2.4130758e-19
2.56870632,2.54690241e-19
2.57177985,1.96210325e-19
2.57485339,1.75457505e-19
2.57792692,5.19082014e-19
2.58100046,4.31332598e-19
2.58407399,3.20123083e-19
2.58714752,2.5045072e-19
2.59022106,2.07841319e-19
2.59329459,1.80666889e-19
2.59636813,1.62463997e-19
2.59944166,1.49625758e-19
2.6025152,1.40022705e-19
2.60558873,1.32288887e-19
2.60866226,1.25421813e-19
2.6117358,1.18496125e-19
2.61480933,1.10332851e-19
2.61788287,9.88838989e-20
2.6209564,8.06903458e-20
2.62402994,1.10504808e-19
2.62710347,6.92715597e-19
2.630177,2.51346413e-19
2.63325054,2.03170939e-19
2.63632407,1.86365549e-19
2.63939761,1.79245654e-19
2.64247114,1.76914163e-19
2.64554468,1.77938355e-19
2.64861821,1.82166364e-19
2.65169175,1.90329418e-19
2.65476528,2.04318661e-19
2.65783881,2.28329405e-19
2.66091235,2.7250433e-19
2.66398588,3.67538108e-19
2.66705942,6.65646538e-19
2.67013295,4.46077504e-17
2.67320649,6.05896858e-19
2.67628002,2.93952012e-19
2.67935355,1.9495467e-19
2.68242709,1.47011016e-19
2.68550062,1.1800671e-19
2.68857416,9.81975656e-20
2.69164769,8.82119613e-20
2.69472123,1.05957479e-19
2.69779476,2.02318875e-19
2.70086829,6.18329662e-19
2.70394183,3.51706223e-18
2.70701536,7.43895368e-19
2.7100889,5.3139646e-19
2.71316243,4.97339264e-19
2.71623597,5.91805994e-19
2.7193095,1.55282886e-18
2.72238303,4.94835327e-19
2.72545657,1.22891806e-19
2.7285301,8.30520972e-20
2.73160364,9.09828067e-20
2.73467717,1.00101014e-19
2.73775071,1.06311297e-19
2.74082424,1.10237461e-19
2.74389778,1.12579924e-19
2.74697131,1.13783178e-19
2.75004484,1.14093554e-19
2.75311838,1.13617677e-19
2.75619191,1.1235046e-19
2.75926545,1.10175589e-19
2.76233898,1.06839e-19
2.76541252,1.0189209e-19
2.76848605,9.46197183e-20
2.77155958,8.41562526e-20
2.77463312,7.15808845e-20
2.77770665,7.6226649e-20
2.78078019,1.64815996e-19
2.78385372,4.64905104e-19
2.78692726,1.52113521e-18
2.79000079,3.68460505e-18
2.79307432,1.9303812e-18
2.79614786,8.36542226e-19
2.79922139,4.63623646e-19
2.80229493,3.08465835e-19
2.80536846,2.33020771e-19
2.808442,1.92330101e-19
2.81151553,1.68643683e-19
2.81458906,1.54205939e-19
2.8176626,1.46379213e-19
2.82073613,1.4974059e-19
2.82380967,2.08729823e-19
2.8268832,1.84979955e-18
2.82995674,3.88006848e-19
2.83303027,2.45974902e-19
2.83610381,2.08109555e-19
2.83917734,1.921444e-19
2.84225087,1.84413176e-19
2.84532441,1.80951457e-19
2.84839794,1.80389652e-19
2.85147148,1.82412247e-19
2.85454501,1.87433115e-19
2.85761855,1.96840228e-19
2.86069208,2.14160158e-19
2.86376561,2.49623086e-19
2.86683915,3.47033544e-19
2.86991268,1.26411504e-18
2.87298622,2.77837524e-19
2.87605975,8.30832868e-20
2.87913329,6.06280656e-20
2.88220682,6.5513492e-20
2.88528035,7.14082337e-20
2.88835389,7.52367816e-20
2.89142742,7.70709678e-20
2.89450096,7.72078838e-20
2.89757449,7.59443471e-20
2.90064803,7.39654183e-20
2.90372156,7.39337857e-20
2.90679509,8.59332797e-20
2.90986863,1.3990926e-19
2.91294216,3.31707246e-19
2.9160157,1.71744131e-18
2.91908923,1.64934315e-18
2.92216277,1.03125813e-18
2.9252363,1.50981502e-18
2.92830984,3.00823345e-18
2.93138337,4.86182098e-19
2.9344569,2.33539652e-19
2.93753044,1.57476855e-19
2.94060397,1.28984747e-19
2.94367751,1.17041956e-19
2.94675104,1.11334244e-19
2.94982458,1.08054632e-19
2.95289811,1.0570385e-19
2.95597164,1.03672454e-19
2.95904518,1.0176876e-19
2.96211871,1.00150037e-19
2.96519225,9.96183937e-20
2.96826578,1.02729404e-19
2.97133932,1.17305117e-19
2.97441285,1.67755416e-19
2.97748638,3.56164164e-19
2.98055992,3.90473016e-18
2.98363345,6.95592456e-19
2.98670699,4.00939141e-19
2.98978052,3.19774865e-19
2.99285406,2.88911324e-19
2.99592759,2.81759581e-19
2.99900112,2.95424511e-19
3.00207466,3.45404975e-19
3.00514819,5.2729482e-19
3.00822173,4.17396987e-17
3.01129526,3.18112602e-19
3.0143688,1.45029243e-19
3.01744233,1.09024548e-19
3.02051587,1.00842467e-19
3.0235894,9.91575495e-20
3.02666293,9.87807273e-20
3.02973647,9.84195657e-20
