1.16410113,1.85202448e-13
1.16717466,1.99034916e-13
1.1702482,2.2385563e-13
1.17332173,2.49336304e-13
1.17639527,2.74101003e-13
1.1794688,2.9899882e-13
1.18254233,3.25758889e-13
1.18561587,3.57221651e-13
1.1886894,3.9878146e-13
1.19176294,4.62961716e-13
1.19483647,5.87082316e-13
1.19791001,9.37988768e-13
1.20098354,4.30844647e-12
1.20405707,1.70616852e-12
1.20713061,9.24420387e-13
1.21020414,8.19888111e-13
1.21327768,8.97675794e-13
1.21635121,1.18920614e-12
1.21942475,2.38685048e-12
1.22249828,5.73443183e-12
1.22557182,1.00637671e-12
1.22864535,4.74006404e-13
1.23171888,2.82937157e-13
1.23479242,1.9912188e-13
1.23786595,1.66025994e-13
1.24093949,1.59395358e-13
1.24401302,1.65490203e-13
1.24708656,1.77444795e-13
1.25016009,1.92826742e-13
1.25323362,2.12031319e-13
1.25630716,2.38637537e-13
1.25938069,2.84090911e-13
1.26245423,3.92534586e-13
1.26552776,8.92391366e-13
1.2686013,1.88381015e-12
1.27167483,5.64589624e-13
1.27474836,4.16714515e-13
1.2778219,3.82495435e-13
1.28089543,3.86356558e-13
1.28396897,4.17360929e-13
1.2870425,4.89511233e-13
1.29011604,6.78375843e-13
1.29318957,1.80408595e-12
1.2962631,1.05231221e-12
1.29933664,3.22831135e-13
1.30241017,2.03133871e-13
1.30548371,1.80225093e-13
1.30855724,1.81222381e-13
1.31163078,1.87558037e-13
1.31470431,1.94360271e-13
1.31777785,2.00284995e-13
1.32085138,2.04914634e-13
1.32392491,2.0810545e-13
1.32699845,2.0996386e-13
1.33007198,2.11411577e-13
1.33314552,2.16267647e-13
1.33621905,2.37491338e-13
1.33929259,3.09657493e-13
1.34236612,4.97682462e-13
1.34543965,8.87668355e-13
1.34851319,1.46455004e-12
1.35158672,1.73548864e-12
1.35466026,1.36328333e-12
1.35773379,8.76040274e-13
1.36080733,5.42768574e-13
1.36388086,3.41840763e-13
1.36695439,2.24870619e-13
1.37002793,1.64291562e-13
1.37310146,1.44690429e-13
1.376175,1.50781269e-13
1.37924853,1.6911728e-13
1.38232207,1.9293621e-13
1.3853956,2.20501389e-13
1.38846913,2.52910438e-13
1.39154267,2.93817998e-13
1.3946162,3.51597322e-13
1.39768974,4.48074042e-13
1.40076327,6.61680515e-13
1.40383681,1.61912218e-12
1.40691034,2.08733765e-12
1.40998387,6.21470601e-13
1.41305741,4.30777026e-13
1.41613094,4.21823861e-13
1.41920448,5.18645797e-13
1.42227801,8.52182841e-13
1.42535155,7.31080114e-12
1.42842508,7.85318567e-13
1.43149862,3.0755035e-13
1.43457215,1.66015785e-13
1.43764568,1.07064599e-13
1.44071922,8.63679832e-14
1.44379275,8.62156192e-14
1.44686629,9.49717391e-14
1.44993982,1.06879757e-13
1.45301336,1.20026885e-13
1.45608689,1.34197058e-13
1.45916042,1.50049901e-13
1.46223396,1.6916017e-13
1.46530749,1.94955216e-13
1.46838103,2.36189878e-13
1.47145456,3.23178136e-13
1.4745281,6.61243288e-13
1.47760163,1.58045479e-12
1.48067516,3.59836206e-13
1.4837487,2.56244413e-13
1.48682223,2.49644094e-13
1.48989577,2.80084975e-13
1.4929693,3.52112607e-13
1.49604284,5.37050125e-13
1.49911637,1.71901688e-12
1.5021899,8.81904982e-13
1.50526344,2.85264497e-13
1.50833697,1.46725365e-13
1.51141051,9.00375991e-14
1.51448404,6.54474634e-14
1.51755758,5.783769e-14
1.52063111,5.87721302e-14
1.52370465,6.31542094e-14
1.52677818,6.86873038e-14
1.52985171,7.46254577e-14
1.53292525,8.09667369e-14
1.53599878,8.82339958e-14
1.53907232,9.77528686e-14
1.54214585,1.1289824e-13
1.54521939,1.44073119e-13
1.54829292,2.37895387e-13
1.55136645,1.1997014e-12
1.55443999,4.52128495e-13
1.55751352,2.39721552e-13
1.56058706,1.97218145e-13
1.56366059,1.93255286e-13
1.56673413,2.16507422e-13
1.56980766,2.97964036e-13
1.57288119,8.34013294e-13
1.57595473,5.06485119e-13
1.57902826,1.75539637e-13
1.5821018,1.13064754e-13
1.58517533,9.25096733e-14
1.58824887,8.43496448e-14
1.5913224,8.06102818e-14
1.59439593,7.85895333e-14
1.59746947,7.72557401e-14
1.600543,7.61897304e-14
1.60361654,7.52418045e-14
1.60669007,7.44484917e-14
1.60976361,7.41434377e-14
1.61283714,7.55480659e-14
1.61591068,8.35807112e-14
1.61898421,1.25187735e-13
1.62205774,8.14095846e-13
1.62513128,2.33816233e-13
1.62820481,1.34854751e-13
1.63127835,1.08674952e-13
1.63435188,9.69529273e-14
1.63742542,9.04663384e-14
1.64049895,8.66858339e-14
1.64357248,8.4945779e-14
1.64664602,8.55971803e-14
1.64971955,9.04433739e-14
1.65279309,1.05712212e-13
1.65586662,1.63157256e-13
1.65894016,4.17422316e-12
1.66201369,1.28417087e-13
1.66508722,6.3339988e-14
1.66816076,4.44844936e-14
1.67123429,3.52951976e-14
1.67430783,2.9193737e-14
1.67738136,2.44197715e-14
1.6804549,2.05697196e-14
1.68352843,1.7859317e-14
1.68660196,1.68777032e-14
1.6896755,1.81214619e-14
1.69274903,2.14684042e-14
1.69582257,2.63956679e-14
1.6988961,3.24639619e-14
1.70196964,3.94593166e-14
1.70504317,4.73965609e-14
1.70811671,5.66244234e-14
1.71119024,6.8284991e-14
1.71426377,8.60603659e-14
1.71733731,1.24552617e-13
1.72041084,2.87331943e-13
1.72348438,8.07328398e-13
1.72655791,2.13726378e-13
1.72963145,1.49008867e-13
1.73270498,1.25222255e-13
1.73577851,1.10692376e-13
1.73885205,9.81037673e-14
1.74192558,8.53888691e-14
1.74499912,7.26815471e-14
1.74807265,6.18452994e-14
1.75114619,5.62677004e-14
1.75421972,5.87650426e-14
1.75729325,6.83199661e-14
1.76036679,8.13983326e-14
1.76344032,9.50523383e-14
1.76651386,1.07559089e-13
1.76958739,1.18038368e-13
1.77266093,1.26113614e-13
1.77573446,1.31717388e-13
1.77880799,1.35006412e-13
1.78188153,1.36399975e-13
1.78495506,1.36865175e-13
1.7880286,1.38873144e-13
1.79110213,1.49332766e-13
1.79417567,1.8812904e-13
1.7972492,3.17886825e-13
1.80032274,9.32200303e-13
1.80339627,2.30920786e-12
1.8064698,6.91196711e-13
1.80954334,4.68757951e-13
1.81261687,3.84375358e-13
1.81569041,3.44657538e-13
1.81876394,3.29896012e-13
1.82183748,3.40915674e-13
1.82491101,4.02397764e-13
1.82798454,6.44152531e-13
1.83105808,5.37520112e-12
1.83413161,7.8018151e-13
1.83720515,3.91113493e-13
1.84027868,2.78265354e-13
1.84335222,2.23439298e-13
1.84642575,1.88645452e-13
1.84949928,1.62325844e-13
1.85257282,1.39917089e-13
1.85564635,1.19401408e-13
1.85871989,1.00158874e-13
1.86179342,8.32623462e-14
1.86486696,7.34303931e-14
1.86794049,8.08130607e-14
1.87101402,1.14260346e-13
1.87408756,1.79510674e-13
1.87716109,2.97148841e-13
1.88023463,5.51488502e-13
1.88330816,1.58735014e-12
1.8863817,2.68753847e-12
1.88945523,7.49916901e-13
1.89252877,4.208739e-13
1.8956023,2.86767681e-13
1.89867583,2.52679707e-13
1.90174937,3.19723477e-13
1.9048229,4.86437113e-13
1.90789644,7.80621053e-13
1.91096997,1.30949128e-12
1.91404351,2.36095471e-12
1.91711704,4.58070927e-12
1.92019057,7.22375143e-12
1.92326411,4.84531387e-12
1.92633764,2.05854649e-12
1.92941118,9.30600514e-13
1.93248471,5.16286159e-13
1.93555825,3.79405497e-13
1.93863178,3.4211174e-13
1.94170531,3.32397831e-13
1.94477885,3.27774123e-13
1.94785238,3.22523906e-13
1.95092592,3.15450408e-13
1.95399945,3.06420364e-13
1.95707299,2.95478987e-13
1.96014652,2.82700133e-13
1.96322005,2.68382424e-13
1.96629359,2.53803082e-13
1.96936712,2.43509261e-13
1.97244066,2.51254249e-13
1.97551419,3.08621509e-13
1.97858773,4.63422588e-13
1.98166126,7.67304976e-13
1.9847348,1.21101719e-12
1.98780833,1.470147e-12
1.99088186,1.17356159e-12
1.9939554,7.06105157e-13
1.99702893,3.91676135e-13
2.00010247,2.30512416e-13
2.003176,1.70457985e-13
2.00624954,1.62749642e-13
2.00932307,1.70787787e-13
2.0123966,1.79744633e-13
2.01547014,1.8592575e-13
2.01854367,1.8883809e-13
2.02161721,1.88673673e-13
2.02469074,1.85696239e-13
2.02776428,1.80267684e-13
2.03083781,1.73569596e-13
2.03391134,1.70850534e-13
2.03698488,1.95366091e-13
2.04005841,3.40819502e-13
2.04313195,1.29395558e-12
2.04620548,1.85440785e-12
2.04927902,7.83798188e-13
2.05235255,5.91525623e-13
2.05542608,5.2619338e-13
2.05849962,5.15969465e-13
2.06157315,5.66626064e-13
2.06464669,8.14636686e-13
2.06772022,2.09859191e-11
2.07079376,4.31017142e-13
2.07386729,2.39242908e-13
2.07694083,2.05244167e-13
2.08001436,1.94719159e-13
2.08308789,1.87735669e-13
2.08616143,1.80373619e-13
2.08923496,1.71645523e-13
2.0923085,1.6116116e-13
2.09538203,1.48629657e-13
2.09845557,1.33789255e-13
2.1015291,1.16614006e-13
2.10460263,9.8290305e-14
2.10767617,8.50650271e-14
2.1107497,9.63679525e-14
2.11382324,1.55704357e-13
2.11689677,2.83576687e-13
2.11997031,5.51735302e-13
2.12304384,1.31108576e-12
2.12611737,1.1201215e-11
2.12919091,2.95894792e-12
2.13226444,1.80536279e-12
2.13533798,1.96867462e-12
2.13841151,9.52995172e-12
2.14148505,1.85719606e-12
2.14455858,9.15957793e-13
2.14763211,6.8511284e-13
2.15070565,5.87132018e-13
2.15377918,5.32948211e-13
2.15685272,4.97906803e-13
2.15992625,4.72823084e-13
2.16299979,4.53546093e-13
2.16607332,4.38119994e-13
2.16914686,4.26915834e-13
2.17222039,4.31536336e-13
2.17529392,6.00452743e-13
2.17836746,3.74645354e-12
2.18144099,8.12067302e-13
2.18451453,6.55081164e-13
2.18758806,6.25278115e-13
2.1906616,6.41962449e-13
2.19373513,7.05111702e-13
2.19680866,8.655201e-13
2.1998822,1.43814941e-12
2.20295573,7.57883444e-12
2.20602927,5.94434307e-13
2.2091028,2.40763822e-13
2.21217634,1.74029147e-13
2.21524987,1.75998468e-13
2.2183234,1.8886478e-13
2.22139694,2.00486174e-13
2.22447047,2.09264536e-13
2.22754401,2.15460935e-13
2.23061754,2.19551586e-13
2.23369108,2.21966375e-13
2.23676461,2.23163695e-13
2.23983814,2.24029387e-13
2.24291168,2.27511746e-13
2.24598521,2.47145848e-13
2.24905875,3.69462972e-13
2.25213228,3.08649895e-12
2.25520582,7.40566404e-13
2.25827935,4.6124826e-13
2.26135289,3.88514751e-13
2.26442642,3.59684449e-13
2.26749995,3.49468969e-13
2.27057349,3.55151426e-13
2.27364702,3.97175764e-13
2.27672056,8.16158598e-13
2.27979409,3.15410821e-13
2.28286763,2.33365597e-13
2.28594116,2.31827665e-13
2.28901469,2.3023039e-13
2.29208823,2.2592471e-13
2.29516176,2.1849117e-13
2.2982353,2.06840362e-13
2.30130883,1.88291175e-13
2.30438237,1.56082675e-13
2.3074559,8.98232055e-14
2.31052943,1.7136241e-13
2.31360297,2.10694531e-12
2.3166765,5.80634344e-13
2.31975004,4.44879588e-13
2.32282357,3.9432595e-13
2.32589711,3.6806835e-13
2.32897064,3.52119379e-13
2.33204417,3.41543657e-13
2.33511771,3.34172111e-13
2.33819124,3.28922876e-13
2.34126478,3.25224184e-13
2.34433831,3.22787483e-13
2.34741185,3.21521777e-13
2.35048538,3.21530455e-13
2.35355892,3.23202978e-13
2.35663245,3.27521064e-13
2.35970598,3.37103504e-13
2.36277952,3.61067711e-13
2.36585305,4.63876383e-13
2.36892659,1.00676684e-13
2.37200012,1.99624888e-13
2.37507366,2.33575277e-13
2.37814719,2.45532767e-13
2.38122072,2.50238934e-13
2.38429426,2.51188068e-13
2.38736779,2.49290177e-13
2.39044133,2.44273358e-13
2.39351486,2.34564603e-13
2.3965884,2.15591271e-13
2.39966193,1.71645089e-13
2.40273546,1.17547173e-13
2.405809,7.85573468e-13
2.40888253,4.40860806e-13
2.41195607,3.83246224e-13
2.4150296,3.60574591e-13
2.41810314,3.49154116e-13
2.42117667,3.42833836e-13
2.4242502,3.39322441e-13
2.42732374,3.37584915e-13
2.43039727,3.3709945e-13
2.43347081,3.3759458e-13
2.43654434,3.38957947e-13
2.43961788,3.4127208e-13
2.44269141,3.45234704e-13
2.44576495,3.55511034e-13
2.44883848,4.45132282e-13
2.45191201,7.79203022e-13
2.45498555,4.35979274e-13
2.45805908,4.13416417e-13
2.46113262,4.15167818e-13
2.46420615,4.25605648e-13
2.46727969,4.45857416e-13
2.47035322,5.57675117e-13
2.47342675,9.5913974e-13
2.47650029,6.49505177e-13
2.47957382,6.84619635e-13
2.48264736,7.8621693e-13
2.48572089,9.78053009e-13
2.48879443,1.38749052e-12
2.49186796,2.71567713e-12
2.49494149,3.01851497e-11
2.49801503,2.09459676e-12
2.50108856,1.05000001e-12
2.5041621,6.94982313e-13
2.50723563,5.22729581e-13
2.51030917,4.25386225e-13
2.5133827,3.6585424e-13
2.51645623,3.27843078e-13
2.51952977,3.03049469e-13
2.5226033,2.868174e-13
2.52567684,2.76374219e-13
2.52875037,2.70010718e-13
2.53182391,2.66660317e-13
2.53489744,2.65668378e-13
2.53797097,2.66662022e-13
2.54104451,2.69478532e-13
2.54411804,2.74131976e-13
2.54719158,2.80808766e-13
2.55026511,2.89889253e-13
2.55333865,3.01995048e-13
2.55641218,3.1805439e-13
2.55948572,3.39328105e-13
2.56255925,3.67087882e-13
2.56563278,4.0034029e-13
2.56870632,4.22542735e-13
2.57177985,3.25521886e-13
2.57485339,2.91092009e-13
2.57792692,8.61180753e-13
2.58100046,7.15600468e-13
2.58407399,5.31098806e-13
2.58714752,4.15509175e-13
2.59022106,3.44818235e-13
2.59329459,2.99734615e-13
2.59636813,2.69535186e-13
2.59944166,2.48235963e-13
2.6025152,2.32304059e-13
2.60558873,2.19473301e-13
2.60866226,2.08080513e-13
2.6117358,1.96590479e-13
2.61480933,1.83047236e-13
2.61788287,1.64052902e-13
2.6209564,1.33868967e-13
2.62402994,1.83332521e-13
2.62710347,1.14924679e-12
2.630177,4.16995171e-13
2.63325054,3.37069861e-13
2.63632407,3.09188952e-13
2.63939761,2.97376721e-13
2.64247114,2.93508671e-13
2.64554468,2.95207853e-13
2.64861821,3.02222313e-13
2.65169175,3.15765192e-13
2.65476528,3.38973984e-13
2.65783881,3.78808904e-13
2.66091235,4.52097121e-13
2.66398588,6.09762497e-13
2.66705942,1.10433799e-12
2.67013295,7.4006294e-11
2.67320649,1.00521054e-12
2.67628002,4.87679804e-13
2.67935355,3.23438695e-13
2.68242709,2.43897986e-13
2.68550062,1.95778518e-13
2.68857416,1.62914243e-13
2.69164769,1.4634767e-13
2.69472123,1.75788294e-13
2.69779476,3.35656249e-13
2.70086829,1.02583713e-12
2.70394183,5.83496677e-12
2.70701536,1.23415637e-12
2.7100889,8.81610981e-13
2.71316243,8.2510854e-13
2.71623597,9.81833157e-13
2.7193095,2.57621395e-12
2.72238303,8.20954394e-13
2.72545657,2.03883115e-13
2.7285301,1.3778722e-13
2.73160364,1.50944629e-13
2.73467717,1.66072151e-13
2.73775071,1.76375294e-13
2.74082424,1.8288898e-13
2.74389778,1.86775233e-13
2.74697131,1.88771486e-13
2.75004484,1.89286413e-13
2.75311838,1.88496912e-13
2.75619191,1.8639454e-13
2.75926545,1.82786331e-13
2.76233898,1.77250778e-13
2.76541252,1.69043628e-13
2.76848605,1.56978431e-13
2.77155958,1.39619064e-13
2.77463312,1.18755955e-13
2.77770665,1.2646349e-13
2.78078019,2.7343726e-13
2.78385372,7.71298788e-13
2.78692726,2.52363274e-12
2.79000079,6.11292795e-12
2.79307432,3.20259052e-12
2.79614786,1.38786174e-12
2.79922139,7.6917279e-13
2.80229493,5.117589e-13
2.80536846,3.86592095e-13
2.808442,3.19084416e-13
2.81151553,2.79787568e-13
2.81458906,2.55834691e-13
2.8176626,2.42849796e-13
2.82073613,2.48426474e-13
2.82380967,3.46292304e-13
2.8268832,3.06890189e-12
2.82995674,6.43721071e-13
2.83303027,4.0808359e-13
2.83610381,3.45263251e-13
2.83917734,3.1877633e-13
2.84225087,3.05949877e-13
2.84532441,3.00206727e-13
2.84839794,2.99274666e-13
2.85147148,3.02630244e-13
2.85454501,3.10960093e-13
2.85761855,3.26566923e-13
2.86069208,3.55301478e-13
2.86376561,4.14136094e-13
2.86683915,5.7574449e-13
2.86991268,2.09722454e-12
2.87298622,4.60945135e-13
2.87605975,1.37838965e-13
2.87913329,1.00584728e-13
2.88220682,1.08689873e-13
2.88528035,1.18469519e-13
2.88835389,1.24821255e-13
2.89142742,1.27864253e-13
2.89450096,1.28091403e-13
2.89757449,1.25995138e-13
2.90064803,1.22712005e-13
2.90372156,1.22659525e-13
2.90679509,1.42567233e-13
2.90986863,2.32115849e-13
2.91294216,5.50317461e-13
2.9160157,2.84931353e-12
2.91908923,2.73633558e-12
2.92216277,1.71090432e-12
2.9252363,2.50485203e-12
2.92830984,4.9907966e-12
2.93138337,8.06598291e-13
2.9344569,3.87452942e-13
2.93753044,2.6126129e-13
2.94060397,2.13991583e-13
2.94367751,1.94177948e-13
2.94675104,1.84708592e-13
2.94982458,1.79267566e-13
2.95289811,1.75367511e-13
2.95597164,1.71997334e-13
2.95904518,1.68839018e-13
2.96211871,1.66153483e-13
2.96519225,1.65271462e-13
2.96826578,1.70432769e-13
2.97133932,1.94614543e-13
2.97441285,2.78313892e-13
2.97748638,5.90892605e-13
2.98055992,6.47812557e-12
2.98363345,1.15401963e-12
2.98670699,6.65176334e-13
2.98978052,5.30521097e-13
2.99285406,4.79317073e-13
2.99592759,4.67452006e-13
2.99900112,4.90122748e-13
3.00207466,5.73042619e-13
3.00514819,8.74806174e-13
3.00822173,6.92480653e-11
3.01129526,5.27763326e-13
3.0143688,2.40610134e-13
3.01744233,1.80876701e-13
3.02051587,1.67302256e-13
3.0235894,1.64506901e-13
3.02666293,1.63881735e-13
3.02973647,1.63282552e-13
