1.16410113,2.82841291e-11
1.16717466,2.9483457e-11
1.1702482,3.22304236e-11
1.17332173,3.49560773e-11
1.17639527,3.72447937e-11
1.1794688,3.93733509e-11
1.18254233,4.16626882e-11
1.18561587,4.4344825e-11
1.1886894,4.7816054e-11
1.19176294,5.37579497e-11
1.19483647,6.61658542e-11
1.19791001,1.01870017e-10
1.20098354,4.50752222e-10
1.20405707,1.72461681e-10
1.20713061,9.04214015e-11
1.21020414,7.72705222e-11
1.21327768,8.17537088e-11
1.21635121,1.04922802e-10
1.21942475,2.04150254e-10
1.22249828,4.75650504e-10
1.22557182,8.11204121e-11
1.22864535,3.71979432e-11
1.23171888,2.15997208e-11
1.23479242,1.47993243e-11
1.23786595,1.20328356e-11
1.24093949,1.12814905e-11
1.24401302,1.1460244e-11
1.24708656,1.20374074e-11
1.25016009,1.28270627e-11
1.25323362,1.38433065e-11
1.25630716,1.52368164e-11
1.25938069,1.77596929e-11
1.26245423,2.40513589e-11
1.26552776,5.3650836e-11
1.2686013,1.11551254e-10
1.27167483,3.29492216e-11
1.27474836,2.39810037e-11
1.2778219,2.17168777e-11
1.28089543,2.15685997e-11
1.28396897,2.29248357e-11
1.2870425,2.64732435e-11
1.29011604,3.61438084e-11
1.29318957,9.47037179e-11
1.2962631,5.44521371e-11
1.29933664,1.64755908e-11
1.30241017,1.02297026e-11
1.30548371,8.96124359e-12
1.30855724,8.90133622e-12
1.31163078,9.10432504e-12
1.31470431,9.32731476e-12
1.31777785,9.50856217e-12
1.32085138,9.63222968e-12
1.32392491,9.68837508e-12
1.32699845,9.68380098e-12
1.33007198,9.66225413e-12
1.33314552,9.79698945e-12
1.33621905,1.06660751e-11
1.33929259,1.37909556e-11
1.34236612,2.19845121e-11
1.34543965,3.88959011e-11
1.34851319,6.36610265e-11
1.35158672,7.48508122e-11
1.35466026,5.83514371e-11
1.35773379,3.7218782e-11
1.36080733,2.28974097e-11
1.36388086,1.4322304e-11
1.36695439,9.3585532e-12
1.37002793,6.79274418e-12
1.37310146,5.94485209e-12
1.376175,6.16018134e-12
1.37924853,6.87116923e-12
1.38232207,7.79655963e-12
1.3853956,8.86330443e-12
1.38846913,1.01149448e-11
1.39154267,1.16958368e-11
1.3946162,1.39313763e-11
1.39768974,1.76738884e-11
1.40076327,2.59837458e-11
1.40383681,6.33010831e-11
1.40691034,8.12477494e-11
1.40998387,2.40858523e-11
1.41305741,1.66246101e-11
1.41613094,1.62114314e-11
1.41920448,1.98674207e-11
1.42227801,3.25642799e-11
1.42535155,2.78694439e-10
1.42842508,2.98662071e-11
1.43149862,1.16690963e-11
1.43457215,6.27956698e-12
1.43764568,4.03268183e-12
1.44071922,3.23967728e-12
1.44379275,3.2208324e-12
1.44686629,3.53379391e-12
1.44993982,3.96187874e-12
1.45301336,4.43601595e-12
1.45608689,4.94523677e-12
1.45916042,5.51352791e-12
1.46223396,6.19814238e-12
1.46530749,7.12339856e-12
1.46838103,8.6211153e-12
1.47145456,1.1788981e-11
1.4745281,2.41063955e-11
1.47760163,5.75830019e-11
1.48067516,1.31027593e-11
1.4837487,9.3225699e-12
1.48682223,9.06925764e-12
1.48989577,1.01605801e-11
1.4929693,1.27554979e-11
1.49604284,1.94279318e-11
1.49911637,6.21006888e-11
1.5021899,3.18660821e-11
1.50526344,1.03161402e-11
1.50833697,5.3105172e-12
1.51141051,3.26149793e-12
1.51448404,2.3727232e-12
1.51755758,2.09858096e-12
1.52063111,2.12889615e-12
1.52370465,2.28363472e-12
1.52677818,2.47943526e-12
1.52985171,2.68921656e-12
1.53292525,2.91285049e-12
1.53599878,3.16954193e-12
1.53907232,3.51247716e-12
1.54214585,4.05784529e-12
1.54521939,5.17984115e-12
1.54829292,8.55550253e-12
1.55136645,4.31578225e-11
1.55443999,1.62690753e-11
1.55751352,8.62292763e-12
1.56058706,7.09160111e-12
1.56366059,6.94674951e-12
1.56673413,7.77998744e-12
1.56980766,1.07035733e-11
1.57288119,2.99501977e-11
1.57595473,1.81833822e-11
1.57902826,6.30042415e-12
1.5821018,4.05705706e-12
1.58517533,3.31866134e-12
1.58824887,3.02519634e-12
1.5913224,2.89039928e-12
1.59439593,2.81874656e-12
1.59746947,2.77301171e-12
1.600543,2.7368223e-12
1.60361654,2.70481875e-12
1.60669007,2.67832492e-12
1.60976361,2.6693656e-12
1.61283714,2.72196712e-12
1.61591068,3.01241819e-12
1.61898421,4.51358092e-12
1.62205774,2.93620119e-11
1.62513128,8.43599499e-12
1.62820481,4.86720727e-12
1.63127835,3.92369762e-12
1.63435188,3.50245964e-12
1.63742542,3.27129771e-12
1.64049895,3.13762631e-12
1.64357248,3.07761372e-12
1.64664602,3.10420344e-12
1.64971955,3.28310732e-12
1.65279309,3.84105294e-12
1.65586662,5.93416628e-12
1.65894016,1.51973721e-10
1.66201369,4.68009085e-12
1.66508722,2.31071937e-12
1.66816076,1.62448148e-12
1.67123429,1.29020211e-12
1.67430783,1.06823541e-12
1.67738136,8.94739702e-13
1.6804549,7.54956631e-13
1.68352843,6.56591883e-13
1.68660196,6.21554992e-13
1.6896755,6.68487843e-13
1.69274903,7.93291215e-13
1.69582257,9.77004739e-13
1.6988961,1.20347474e-12
1.70196964,1.46446967e-12
1.70504317,1.76105116e-12
1.70811671,2.10630963e-12
1.71119024,2.54293886e-12
1.71426377,3.20852229e-12
1.71733731,4.64884332e-12
1.72041084,1.07365591e-11
1.72348438,3.0210565e-11
1.72655791,8.00978675e-12
1.72963145,5.59278084e-12
1.73270498,4.70704909e-12
1.73577851,4.16711128e-12
1.73885205,3.69872399e-12
1.74192558,3.22414839e-12
1.74499912,2.74799286e-12
1.74807265,2.33999166e-12
1.75114619,2.13050494e-12
1.75421972,2.22667991e-12
1.75729325,2.59060576e-12
1.76036679,3.08875693e-12
1.76344032,3.60948435e-12
1.76651386,4.08736291e-12
1.76958739,4.48914251e-12
1.77266093,4.80062963e-12
1.77573446,5.01850838e-12
1.77880799,5.14849783e-12
1.78188153,5.2063614e-12
1.78495506,5.22884955e-12
1.7880286,5.31035945e-12
1.79110213,5.71547742e-12
1.79417567,7.20898093e-12
1.7972492,1.22040151e-11
1.80032274,3.58550481e-11
1.80339627,8.89843555e-11
1.8064698,2.66845917e-11
1.80954334,1.81306978e-11
1.81261687,1.48945401e-11
1.81569041,1.33802351e-11
1.81876394,1.28308539e-11
1.82183748,1.32822406e-11
1.82491101,1.57045151e-11
1.82798454,2.51826256e-11
1.83105808,2.10498524e-10
1.83413161,3.06048858e-11
1.83720515,1.53687101e-11
1.84027868,1.09529727e-11
1.84335222,8.80986827e-12
1.84642575,7.45067712e-12
1.84949928,6.42213848e-12
1.85257282,5.54503261e-12
1.85564635,4.74004977e-12
1.85871989,3.9829216e-12
1.86179342,3.3166421e-12
1.86486696,2.92996364e-12
1.86794049,3.23000446e-12
1.87101402,4.57457835e-12
1.87408756,7.19915896e-12
1.87716109,1.19371816e-11
1.88023463,2.21921455e-11
1.88330816,6.39837118e-11
1.8863817,1.0851357e-10
1.88945523,3.03301094e-11
1.89252877,1.70507352e-11
1.8956023,1.16372513e-11
1.89867583,1.02711362e-11
1.90174937,1.30109907e-11
1.9048229,1.9810661e-11
1.90789644,3.18162093e-11
1.91096997,5.34129028e-11
1.91404351,9.63753806e-11
1.91711704,1.87130918e-10
1.92019057,2.95331297e-10
1.92326411,1.98244863e-10
1.92633764,8.42895141e-11
1.92941118,3.81446511e-11
1.93248471,2.12007389e-11
1.93555825,1.5608213e-11
1.93863178,1.40995579e-11
1.94170531,1.37240583e-11
1.94477885,1.3557662e-11
1.94785238,1.33646233e-11
1.95092592,1.30951203e-11
1.95399945,1.2743201e-11
1.95707299,1.23103085e-11
1.96014652,1.18043073e-11
1.96322005,1.12343486e-11
1.96629359,1.06504912e-11
1.96936712,1.02439334e-11
1.97244066,1.05960206e-11
1.97551419,1.30476799e-11
1.97858773,1.96409114e-11
1.98166126,3.26008864e-11
1.9847348,5.15808245e-11
1.98780833,6.27732978e-11
1.99088186,5.02003482e-11
1.9939554,3.02505473e-11
1.99702893,1.68055569e-11
2.00010247,9.90560492e-12
2.003176,7.3360765e-12
2.00624954,7.01496177e-12
2.00932307,7.37258505e-12
2.0123966,7.77097613e-12
2.01547014,8.05035078e-12
2.01854367,8.18878437e-12
2.02161721,8.19622132e-12
2.02469074,8.08400616e-12
2.02776428,7.8643316e-12
2.03083781,7.58817359e-12
2.03391134,7.48512184e-12
2.03698488,8.57728646e-12
2.04005841,1.49948673e-11
2.04313195,5.70498217e-11
2.04620548,8.19324976e-11
2.04927902,3.47032767e-11
2.05235255,2.62454706e-11
2.05542608,2.33764793e-11
2.05849962,2.29480159e-11
2.06157315,2.52292443e-11
2.06464669,3.63126005e-11
2.06772022,9.36496621e-10
2.07079376,1.92555861e-11
2.07386729,1.07000153e-11
2.07694083,9.18963842e-12
2.08001436,8.72805978e-12
2.08308789,8.42435007e-12
2.08616143,8.10293529e-12
2.08923496,7.7232419e-12
2.0923085,7.26354786e-12
2.09538203,6.70987159e-12
2.09845557,6.04991597e-12
2.1015291,5.28198614e-12
2.10460263,4.4593825e-12
2.10767617,3.86573122e-12
2.1107497,4.38660855e-12
2.11382324,7.09923782e-12
2.11689677,1.29507605e-11
2.11997031,2.52387816e-11
2.12304384,6.01040299e-11
2.12611737,5.14794156e-10
2.12919091,1.36333255e-10
2.13226444,8.33921203e-11
2.13533798,9.11655089e-11
2.13841151,4.42428869e-10
2.14148505,8.64383972e-11
2.14455858,4.27386373e-11
2.14763211,3.20482001e-11
2.15070565,2.75342789e-11
2.15377918,2.50564442e-11
2.15685272,2.34681617e-11
2.15992625,2.23353187e-11
2.16299979,2.14712332e-11
2.16607332,2.07859682e-11
2.16914686,2.0298345e-11
2.17222039,2.05625267e-11
2.17529392,2.86733377e-11
2.17836746,1.79291475e-10
2.18144099,3.89467083e-11
2.18451453,3.14856647e-11
2.18758806,3.01182394e-11
2.1906616,3.09887573e-11
2.19373513,3.41106683e-11
2.19680866,4.1962206e-11
2.1998822,6.98775194e-11
2.20295573,3.69052248e-10
2.20602927,2.90095447e-11
2.2091028,1.1775505e-11
2.21217634,8.53023956e-12
2.21524987,8.64567106e-12
2.2183234,9.2980323e-12
2.22139694,9.89177937e-12
2.22447047,1.03474949e-11
2.22754401,1.06772005e-11
2.23061754,1.09037125e-11
2.23369108,1.10468617e-11
2.23676461,1.11261863e-11
2.23983814,1.1189176e-11
2.24291168,1.13832574e-11
2.24598521,1.23875366e-11
2.24905875,1.85511459e-11
2.25213228,1.55250652e-10
2.25520582,3.7316257e-11
2.25827935,2.32827822e-11
2.26135289,1.96459488e-11
2.26442642,1.82201446e-11
2.26749995,1.77338382e-11
2.27057349,1.80538967e-11
2.27364702,2.02278899e-11
2.27672056,4.16640986e-11
2.27979409,1.61392601e-11
2.28286763,1.19691549e-11
2.28594116,1.19182245e-11
2.28901469,1.18639315e-11
2.29208823,1.16694243e-11
2.29516176,1.13119986e-11
2.2982353,1.07339741e-11
2.30130883,9.79433777e-12
2.30438237,8.13803821e-12
2.3074559,4.69432933e-12
2.31052943,8.97678066e-12
2.31360297,1.10631408e-10
2.3166765,3.05719894e-11
2.31975004,2.34929652e-11
2.32282357,2.08846165e-11
2.32589711,1.95513541e-11
2.32897064,1.87593145e-11
2.33204417,1.82496018e-11
2.33511771,1.79084906e-11
2.33819124,1.76793367e-11
2.34126478,1.75323183e-11
2.34433831,1.74525685e-11
2.34741185,1.74357551e-11
2.35048538,1.74880646e-11
2.35355892,1.7631361e-11
2.35663245,1.79201718e-11
2.35970598,1.8487542e-11
2.36277952,1.98423479e-11
2.36585305,2.55443508e-11
2.36892659,5.55532429e-12
2.37200012,1.10378074e-11
2.37507366,1.29414317e-11
2.37814719,1.36317605e-11
2.38122072,1.3921439e-11
2.38429426,1.4002795e-11
2.38736779,1.39253812e-11
2.39044133,1.36730046e-11
2.39351486,1.31563674e-11
2.3965884,1.21168599e-11
2.39966193,9.66663742e-12
2.40273546,6.63348818e-12
2.405809,4.44228845e-11
2.40888253,2.49810897e-11
2.41195607,2.17609314e-11
2.4150296,2.05155986e-11
2.41810314,1.99065268e-11
2.42117667,1.95862383e-11
2.4242502,1.94253455e-11
2.42732374,1.93654591e-11
2.43039727,1.93772076e-11
2.43347081,1.94453959e-11
2.43654434,1.95638856e-11
2.43961788,1.9737758e-11
2.44269141,2.0007788e-11
2.44576495,2.06454849e-11
2.44883848,2.59038748e-11
2.45191201,4.54767982e-11
2.45498555,2.55193931e-11
2.45805908,2.42694043e-11
2.46113262,2.44435145e-11
2.46420615,2.51314534e-11
2.46727969,2.64045141e-11
2.47035322,3.312357e-11
2.47342675,5.71364408e-11
2.47650029,3.88053049e-11
2.47957382,4.1023886e-11
2.48264736,4.72509556e-11
2.48572089,5.89539857e-11
2.48879443,8.38813106e-11
2.49186796,1.64664348e-10
2.49494149,1.83570507e-09
2.49801503,1.27775183e-10
2.50108856,6.42641914e-11
2.5041621,4.26766346e-11
2.50723563,3.22057337e-11
2.51030917,2.62955539e-11
2.5133827,2.26909605e-11
2.51645623,2.04013935e-11
2.51952977,1.89216732e-11
2.5226033,1.79682968e-11
2.52567684,1.73723108e-11
2.52875037,1.70295428e-11
2.53182391,1.6875071e-11
2.53489744,1.68692458e-11
2.53797097,1.69898261e-11
2.54104451,1.7227701e-11
2.54411804,1.75849725e-11
2.54719158,1.80748622e-11
2.55026511,1.87075262e-11
2.55333865,1.95386796e-11
2.55641218,2.06304566e-11
2.55948572,2.20668455e-11
2.56255925,2.39333991e-11
2.56563278,2.61684794e-11
2.56870632,2.76908084e-11
2.57177985,2.13875953e-11
2.57485339,1.91747536e-11
2.57792692,5.68738397e-11
2.58100046,4.73814745e-11
2.58407399,3.52560786e-11
2.58714752,2.76541962e-11
2.59022106,2.30087704e-11
2.59329459,2.0052286e-11
2.59636813,1.80787045e-11
2.59944166,1.66933095e-11
2.6025152,1.56670391e-11
2.60558873,1.48448053e-11
2.60866226,1.41152583e-11
2.6117358,1.33747745e-11
2.61480933,1.24898062e-11
2.61788287,1.12265669e-11
2.6209564,9.18788392e-12
2.62402994,1.26197185e-11
2.62710347,7.93414395e-11
2.630177,2.88733044e-11
2.63325054,2.34081001e-11
2.63632407,2.15354079e-11
2.63939761,2.07740478e-11
2.64247114,2.05646949e-11
2.64554468,2.07452461e-11
2.64861821,2.13014299e-11
2.65169175,2.23223674e-11
2.65476528,2.40384863e-11
2.65783881,2.69683086e-11
2.66091235,3.2312008e-11
2.66398588,4.37519644e-11
2.66705942,7.95517139e-11
2.67013295,5.352208e-09
2.67320649,7.29868043e-11
2.67628002,3.55509609e-11
2.67935355,2.36725017e-11
2.68242709,1.79226586e-11
2.68550062,1.44446759e-11
2.68857416,1.2068602e-11
2.69164769,1.08854288e-11
2.69472123,1.31285954e-11
2.69779476,2.51708853e-11
2.70086829,7.72439636e-11
2.70394183,4.41178089e-10
2.70701536,9.37005789e-11
2.7100889,6.72129306e-11
2.71316243,6.31397032e-11
2.71623597,7.53945563e-11
2.7193095,1.98517703e-10
2.72238303,6.34827288e-11
2.72545657,1.58212695e-11
2.7285301,1.07299286e-11
2.73160364,1.17960812e-11
2.73467717,1.30242734e-11
2.73775071,1.38814718e-11
2.74082424,1.44454437e-11
2.74389778,1.48051489e-11
2.74697131,1.50170508e-11
2.75004484,1.51121802e-11
2.75311838,1.51034468e-11
2.75619191,1.49890442e-11
2.75926545,1.47522485e-11
2.76233898,1.43575813e-11
2.76541252,1.37428091e-11
2.76848605,1.28087061e-11
2.77155958,1.14365231e-11
2.77463312,9.77069033e-12
2.77770665,1.04511615e-11
2.78078019,2.26984258e-11
2.78385372,6.43144526e-11
2.78692726,2.1138265e-10
2.79000079,5.14350568e-10
2.79307432,2.70699697e-10
2.79614786,1.17847061e-10
2.79922139,6.56134085e-11
2.80229493,4.38571398e-11
2.80536846,3.32846748e-11
2.808442,2.76009339e-11
2.81151553,2.43155433e-11
2.81458906,2.2338967e-11
2.8176626,2.13059231e-11
2.82073613,2.18993128e-11
2.82380967,3.06730287e-11
2.8268832,2.7314259e-10
2.82995674,5.75716013e-11
2.83303027,3.66753288e-11
2.83610381,3.11793463e-11
2.83917734,2.89271778e-11
2.84225087,2.78987917e-11
2.84532441,2.75094938e-11
2.84839794,2.75595008e-11
2.85147148,2.80069151e-11
2.85454501,2.89215593e-11
2.85761855,3.05257324e-11
2.86069208,3.33795688e-11
2.86376561,3.9104774e-11
2.86683915,5.46427911e-11
2.86991268,2.00068183e-10
2.87298622,4.42004e-11
2.87605975,1.3286388e-11
2.87913329,9.74628879e-12
2.88220682,1.05872508e-11
2.88528035,1.16011883e-11
2.88835389,1.22885668e-11
2.89142742,1.26559297e-11
2.89450096,1.274714e-11
2.89757449,1.26069597e-11
2.90064803,1.2324431e-11
2.90372156,1.23621062e-11
2.90679509,1.44187246e-11
2.90986863,2.35576773e-11
2.91294216,5.60487821e-11
2.9160157,2.91221248e-10
2.91908923,2.80664109e-10
2.92216277,1.76109495e-10
2.9252363,2.58751889e-10
2.92830984,5.17393136e-10
2.93138337,8.39194088e-11
2.9344569,4.04560477e-11
2.93753044,2.73781456e-11
2.94060397,2.25058431e-11
2.94367751,2.04962003e-11
2.94675104,1.95677405e-11
2.94982458,1.90607848e-11
2.95289811,1.87145363e-11
2.95597164,1.84224755e-11
2.95904518,1.81510168e-11
2.96211871,1.79285453e-11
2.96519225,1.78997347e-11
2.96826578,1.85457594e-11
2.97133932,2.12874563e-11
2.97441285,3.06023606e-11
2.97748638,6.53153158e-11
2.98055992,7.19875505e-10
2.98363345,1.28925311e-10
2.98670699,7.47126952e-11
2.98978052,5.99113151e-11
2.99285406,5.44244335e-11
2.99592759,5.33690429e-11
2.99900112,5.62672206e-11
3.00207466,6.61535123e-11
3.00514819,1.01557194e-10
3.00822173,8.08457477e-09
3.01129526,6.19665891e-11
3.0143688,2.84131677e-11
3.01744233,2.14829836e-11
3.02051587,1.99866145e-11
3.0235894,1.97681784e-11
3.02666293,1.98097137e-11
3.02973647,1.98551401e-11
