1.16410113,8.09625782e-11
1.16717466,8.4395623e-11
1.1702482,9.22587429e-11
1.17332173,1.00060855e-10
1.17639527,1.06612246e-10
1.1794688,1.12705185e-10
1.18254233,1.19258353e-10
1.18561587,1.26935899e-10
1.1886894,1.36872202e-10
1.19176294,1.53880722e-10
1.19483647,1.89398024e-10
1.19791001,2.91600254e-10
1.20098354,1.29026642e-09
1.20405707,4.93667042e-10
1.20713061,2.58828892e-10
1.21020414,2.21184845e-10
1.21327768,2.34017849e-10
1.21635121,3.0033877e-10
1.21942475,5.84374753e-10
1.22249828,1.3615371e-09
1.22557182,2.32205054e-10
1.22864535,1.06478138e-10
1.23171888,6.18286347e-11
1.23479242,4.2362678e-11
1.23786595,3.44436767e-11
1.24093949,3.2292971e-11
1.24401302,3.28046482e-11
1.24708656,3.44567631e-11
1.25016009,3.67171309e-11
1.25323362,3.9626102e-11
1.25630716,4.36149876e-11
1.25938069,5.08366554e-11
1.26245423,6.88463846e-11
1.26552776,1.53574112e-10
1.2686013,3.19312541e-10
1.27167483,9.43162833e-11
1.27474836,6.86449947e-11
1.2778219,6.21639932e-11
1.28089543,6.17395513e-11
1.28396897,6.56217414e-11
1.2870425,7.57789657e-11
1.29011604,1.03460704e-10
1.29318957,2.71086911e-10
1.2962631,1.55867816e-10
1.29933664,4.7160947e-11
1.30241017,2.92822557e-11
1.30548371,2.56513249e-11
1.30855724,2.54798417e-11
1.31163078,2.60608918e-11
1.31470431,2.66991941e-11
1.31777785,2.721801e-11
1.32085138,2.7572005e-11
1.32392491,2.77327198e-11
1.32699845,2.77196265e-11
1.33007198,2.76579492e-11
1.33314552,2.80436256e-11
1.33621905,3.05313605e-11
1.33929259,3.94762491e-11
1.34236612,6.29300898e-11
1.34543965,1.11338497e-10
1.34851319,1.8222802e-10
1.35158672,2.14258488e-10
1.35466026,1.6702946e-10
1.35773379,1.06537788e-10
1.36080733,6.55432351e-11
1.36388086,4.09972199e-11
1.36695439,2.67886133e-11
1.37002793,1.94440522e-11
1.37310146,1.70169833e-11
1.376175,1.76333577e-11
1.37924853,1.96685418e-11
1.38232207,2.23174476e-11
1.3853956,2.53709767e-11
1.38846913,2.89537644e-11
1.39154267,3.34790263e-11
1.3946162,3.98781995e-11
1.39768974,5.05910425e-11
1.40076327,7.43777913e-11
1.40383681,1.81197691e-10
1.40691034,2.32569554e-10
1.40998387,6.8945121e-11
1.41305741,4.75875109e-11
1.41613094,4.64047974e-11
1.41920448,5.68699711e-11
1.42227801,9.32143978e-11
1.42535155,7.97755528e-10
1.42842508,8.54912352e-11
1.43149862,3.34024822e-11
1.43457215,1.79750959e-11
1.43764568,1.15434461e-11
1.44071922,9.27349133e-12
1.44379275,9.21954833e-12
1.44686629,1.01153925e-11
1.44993982,1.13407741e-11
1.45301336,1.26979794e-11
1.45608689,1.41556107e-11
1.45916042,1.57823292e-11
1.46223396,1.77420201e-11
1.46530749,2.03905417e-11
1.46838103,2.46777166e-11
1.47145456,3.37456492e-11
1.4745281,6.90039255e-11
1.47760163,1.64829834e-10
1.48067516,3.75063051e-11
1.4837487,2.6685612e-11
1.48682223,2.59605123e-11
1.48989577,2.90843942e-11
1.4929693,3.65122785e-11
1.49604284,5.56119458e-11
1.49911637,1.77761594e-10
1.5021899,9.12158249e-11
1.50526344,2.9529681e-11
1.50833697,1.52012163e-11
1.51141051,9.33595237e-12
1.51448404,6.79185799e-12
1.51755758,6.007133e-12
1.52063111,6.09390943e-12
1.52370465,6.53684453e-12
1.52677818,7.09731845e-12
1.52985171,7.69781194e-12
1.53292525,8.3379582e-12
1.53599878,9.07273071e-12
1.53907232,1.00543738e-11
1.54214585,1.16154758e-11
1.54521939,1.48271596e-11
1.54829292,2.44899018e-11
1.55136645,1.23538136e-10
1.55443999,4.65698016e-11
1.55751352,2.46829044e-11
1.56058706,2.02995223e-11
1.56366059,1.98848884e-11
1.56673413,2.22700102e-11
1.56980766,3.06386982e-11
1.57288119,8.57316561e-11
1.57595473,5.2049455e-11
1.57902826,1.8034799e-11
1.5821018,1.16132195e-11
1.58517533,9.49958111e-12
1.58824887,8.65954525e-12
1.5913224,8.27369219e-12
1.59439593,8.06858815e-12
1.59746947,7.93767336e-12
1.600543,7.83408211e-12
1.60361654,7.7424728e-12
1.60669007,7.6666349e-12
1.60976361,7.64098907e-12
1.61283714,7.79155956e-12
1.61591068,8.62296812e-12
1.61898421,1.29200071e-11
1.62205774,8.40479895e-11
1.62513128,2.41478146e-11
1.62820481,1.39322533e-11
1.63127835,1.12314816e-11
1.63435188,1.00256989e-11
1.63742542,9.36400398e-12
1.64049895,8.9813731e-12
1.64357248,8.80958863e-12
1.64664602,8.88570101e-12
1.64971955,9.39780868e-12
1.65279309,1.09949134e-11
1.65586662,1.69863955e-11
1.65894016,4.35020795e-10
1.66201369,1.33966374e-11
1.66508722,6.61437365e-12
1.66816076,4.65003567e-12
1.67123429,3.69316973e-12
1.67430783,3.05779587e-12
1.67738136,2.56116895e-12
1.6804549,2.16104357e-12
1.68352843,1.87947706e-12
1.68660196,1.77918487e-12
1.6896755,1.91352893e-12
1.69274903,2.27077531e-12
1.69582257,2.79665046e-12
1.6988961,3.4449149e-12
1.70196964,4.19200606e-12
1.70504317,5.04096279e-12
1.70811671,6.02925612e-12
1.71119024,7.27909586e-12
1.71426377,9.18431097e-12
1.71733731,1.33071922e-11
1.72041084,3.07331192e-11
1.72348438,8.64769505e-11
1.72655791,2.29278047e-11
1.72963145,1.60091886e-11
1.73270498,1.34738047e-11
1.73577851,1.19282468e-11
1.73885205,1.05875005e-11
1.74192558,9.22904027e-12
1.74499912,7.86605755e-12
1.74807265,6.69816481e-12
1.75114619,6.09851457e-12
1.75421972,6.37381289e-12
1.75729325,7.41554109e-12
1.76036679,8.84148578e-12
1.76344032,1.03320544e-11
1.76651386,1.16999692e-11
1.76958739,1.28500528e-11
1.77266093,1.37416765e-11
1.77573446,1.43653487e-11
1.77880799,1.47374401e-11
1.78188153,1.49030731e-11
1.78495506,1.49674448e-11
1.7880286,1.52007648e-11
1.79110213,1.63604043e-11
1.79417567,2.0635519e-11
1.7972492,3.49336733e-11
1.80032274,1.02634136e-10
1.80339627,2.54715386e-10
1.8064698,7.63839444e-11
1.80954334,5.18986474e-11
1.81261687,4.26352306e-11
1.81569041,3.83005724e-11
1.81876394,3.6727983e-11
1.82183748,3.80200657e-11
1.82491101,4.49537629e-11
1.82798454,7.20846059e-11
1.83105808,6.02546508e-10
1.83413161,8.76056837e-11
1.83720515,4.39925299e-11
1.84027868,3.13525972e-11
1.84335222,2.52180171e-11
1.84642575,2.1327368e-11
1.84949928,1.83832031e-11
1.85257282,1.58725105e-11
1.85564635,1.35682683e-11
1.85871989,1.14010087e-11
1.86179342,9.49380109e-12
1.86486696,8.38694413e-12
1.86794049,9.24580312e-12
1.87101402,1.30946106e-11
1.87408756,2.06074039e-11
1.87716109,3.41698696e-11
1.88023463,6.35244351e-11
1.88330816,1.83151698e-10
1.8863817,3.1061725e-10
1.88945523,8.68191432e-11
1.89252877,4.88072827e-11
1.8956023,3.3311327e-11
1.89867583,2.94008581e-11
1.90174937,3.72436199e-11
1.9048229,5.6707498e-11
1.90789644,9.10730652e-11
1.91096997,1.52893035e-10
1.91404351,2.75872001e-10
1.91711704,5.35657348e-10
1.92019057,8.45378097e-10
1.92326411,5.67470726e-10
1.92633764,2.41276525e-10
1.92941118,1.09188064e-10
1.93248471,6.06865594e-11
1.93555825,4.46781008e-11
1.93863178,4.0359615e-11
1.94170531,3.92847572e-11
1.94477885,3.8808452e-11
1.94785238,3.82558839e-11
1.95092592,3.74844388e-11
1.95399945,3.64770788e-11
1.95707299,3.52379356e-11
1.96014652,3.37895202e-11
1.96322005,3.21580285e-11
1.96629359,3.04867521e-11
1.96936712,2.93229909e-11
1.97244066,3.03308314e-11
1.97551419,3.73486419e-11
1.97858773,5.62215943e-11
1.98166126,9.3319183e-11
1.9847348,1.47648758e-10
1.98780833,1.7968692e-10
1.99088186,1.43697181e-10
1.9939554,8.65913989e-11
1.99702893,4.81054661e-11
2.00010247,2.83545345e-11
2.003176,2.09993267e-11
2.00624954,2.00801442e-11
2.00932307,2.11038315e-11
2.0123966,2.22442155e-11
2.01547014,2.30439181e-11
2.01854367,2.34401807e-11
2.02161721,2.34614687e-11
2.02469074,2.31402558e-11
2.02776428,2.25114431e-11
2.03083781,2.17209481e-11
2.03391134,2.14259651e-11
2.03698488,2.45522577e-11
2.04005841,4.29224148e-11
2.04313195,1.6330362e-10
2.04620548,2.34529627e-10
2.04927902,9.93372202e-11
2.05235255,7.51269719e-11
2.05542608,6.69145595e-11
2.05849962,6.56880942e-11
2.06157315,7.22180507e-11
2.06464669,1.03943867e-10
2.06772022,2.68069704e-09
2.07079376,5.51186106e-11
2.07386729,3.06285133e-11
2.07694083,2.63050992e-11
2.08001436,2.49838424e-11
2.08308789,2.41144813e-11
2.08616143,2.31944399e-11
2.08923496,2.21075776e-11
2.0923085,2.07917154e-11
2.09538203,1.92068316e-11
2.09845557,1.73177259e-11
2.1015291,1.51195469e-11
2.10460263,1.27648656e-11
2.10767617,1.10655543e-11
2.1107497,1.2556552e-11
2.11382324,2.03213822e-11
2.11689677,3.70712125e-11
2.11997031,7.22453509e-11
2.12304384,1.7204621e-10
2.12611737,1.47358478e-09
2.12919091,3.90250371e-10
2.13226444,2.38707759e-10
2.13533798,2.6095888e-10
2.13841151,1.26644104e-09
2.14148505,2.47427647e-10
2.14455858,1.22338229e-10
2.14763211,9.1737133e-11
2.15070565,7.88161517e-11
2.15377918,7.1723415e-11
2.15685272,6.71769979e-11
2.15992625,6.39342645e-11
2.16299979,6.14608423e-11
2.16607332,5.94992893e-11
2.16914686,5.81034807e-11
2.17222039,5.88596939e-11
2.17529392,8.20766776e-11
2.17836746,5.13217149e-10
2.18144099,1.11483932e-10
2.18451453,9.012689e-11
2.18758806,8.62126711e-11
2.1906616,8.87045057e-11
2.19373513,9.7640894e-11
2.19680866,1.20115715e-10
2.1998822,2.00022568e-10
2.20295573,1.05640239e-09
2.20602927,8.30390616e-11
2.2091028,3.37070745e-11
2.21217634,2.44175872e-11
2.21524987,2.47480068e-11
2.2183234,2.66153738e-11
2.22139694,2.83149592e-11
2.22447047,2.96194329e-11
2.22754401,3.05632066e-11
2.23061754,3.12115912e-11
2.23369108,3.16213521e-11
2.23676461,3.18484166e-11
2.23983814,3.20287232e-11
2.24291168,3.2584276e-11
2.24598521,3.54589989e-11
2.24905875,5.3102169e-11
2.25213228,4.44400923e-10
2.25520582,1.06816808e-10
2.25827935,6.66463538e-11
2.26135289,5.62360137e-11
2.26442642,5.21546865e-11
2.26749995,5.0762647e-11
2.27057349,5.16788063e-11
2.27364702,5.79018048e-11
2.27672056,1.1926239e-10
2.27979409,4.61982091e-11
2.28286763,3.42613922e-11
2.28594116,3.41156054e-11
2.28901469,3.3960193e-11
2.29208823,3.34034211e-11
2.29516176,3.23802995e-11
2.2982353,3.07257196e-11
2.30130883,2.80360352e-11
2.30438237,2.32949211e-11
2.3074559,1.34373947e-11
2.31052943,2.56957994e-11
2.31360297,3.16679506e-10
2.3166765,8.75115185e-11
2.31975004,6.72479972e-11
2.32282357,5.97816673e-11
2.32589711,5.59652387e-11
2.32897064,5.3698046e-11
2.33204417,5.22390068e-11
2.33511771,5.12625849e-11
2.33819124,5.06066381e-11
2.34126478,5.01858016e-11
2.34433831,4.995752e-11
2.34741185,4.99093922e-11
2.35048538,5.00591267e-11
2.35355892,5.04693089e-11
2.35663245,5.12960223e-11
2.35970598,5.29201045e-11
2.36277952,5.67982008e-11
2.36585305,7.31200348e-11
2.36892659,1.59019702e-11
2.37200012,3.15954345e-11
2.37507366,3.70445091e-11
2.37814719,3.90205572e-11
2.38122072,3.98497543e-11
2.38429426,4.00826338e-11
2.38736779,3.98610388e-11
2.39044133,3.91386174e-11
2.39351486,3.7659757e-11
2.3965884,3.46841939e-11
2.39966193,2.76704963e-11
2.40273546,1.89881861e-11
2.405809,1.27159343e-10
2.40888253,7.15077146e-11
2.41195607,6.22900959e-11
2.4150296,5.87253635e-11
2.41810314,5.69819113e-11
2.42117667,5.60650939e-11
2.4242502,5.56045423e-11
2.42732374,5.54331191e-11
2.43039727,5.5466749e-11
2.43347081,5.56619361e-11
2.43654434,5.60011097e-11
2.43961788,5.6498815e-11
2.44269141,5.72717687e-11
2.44576495,5.90971596e-11
2.44883848,7.41491629e-11
2.45191201,1.30176143e-10
2.45498555,7.3048594e-11
2.45805908,6.94705339e-11
2.46113262,6.99689196e-11
2.46420615,7.19381269e-11
2.46727969,7.55822297e-11
2.47035322,9.48153512e-11
2.47342675,1.63551564e-10
2.47650029,1.11079168e-10
2.47957382,1.17429799e-10
2.48264736,1.35254622e-10
2.48572089,1.68754239e-10
2.48879443,2.40108054e-10
2.49186796,4.7134738e-10
2.49494149,5.25465764e-09
2.49801503,3.65753112e-10
2.50108856,1.83954564e-10
2.5041621,1.22160748e-10
2.50723563,9.21880687e-11
2.51030917,7.52703339e-11
2.5133827,6.49522798e-11
2.51645623,5.83984541e-11
2.51952977,5.41627938e-11
2.5226033,5.14337786e-11
2.52567684,4.97277844e-11
2.52875037,4.874662e-11
2.53182391,4.83044486e-11
2.53489744,4.82877739e-11
2.53797097,4.8632932e-11
2.54104451,4.93138426e-11
2.54411804,5.03365229e-11
2.54719158,5.17388194e-11
2.55026511,5.35498034e-11
2.55333865,5.59289583e-11
2.55641218,5.90541414e-11
2.55948572,6.31657671e-11
2.56255925,6.85087277e-11
2.56563278,7.49065866e-11
2.56870632,7.92642134e-11
2.57177985,6.12214311e-11
2.57485339,5.48872296e-11
2.57792692,1.62799876e-10
2.58100046,1.35628229e-10
2.58407399,1.00919601e-10
2.58714752,7.91594118e-11
2.59022106,6.58620023e-11
2.59329459,5.73991431e-11
2.59636813,5.17498177e-11
2.59944166,4.77841609e-11
2.6025152,4.48464889e-11
2.60558873,4.2492866e-11
2.60866226,4.04045571e-11
2.6117358,3.82849415e-11
2.61480933,3.57517429e-11
2.61788287,3.21357535e-11
2.6209564,2.63000769e-11
2.62402994,3.61236135e-11
2.62710347,2.27112791e-10
2.630177,8.26490773e-11
2.63325054,6.70050731e-11
2.63632407,6.16445408e-11
2.63939761,5.94651674e-11
2.64247114,5.88659003e-11
2.64554468,5.93827234e-11
2.64861821,6.09747849e-11
2.65169175,6.38971917e-11
2.65476528,6.88095372e-11
2.65783881,7.71960768e-11
2.66091235,9.24922761e-11
2.66398588,1.25238852e-10
2.66705942,2.27714696e-10
2.67013295,1.53205551e-08
2.67320649,2.08922815e-10
2.67628002,1.01763694e-10
2.67935355,6.77619158e-11
2.68242709,5.13031404e-11
2.68550062,4.13475061e-11
2.68857416,3.45460568e-11
2.69164769,3.11592547e-11
2.69472123,3.75802604e-11
2.69779476,7.20509996e-11
2.70086829,2.21108821e-10
2.70394183,1.26286072e-09
2.70701536,2.68215452e-10
2.7100889,1.92395253e-10
2.71316243,1.80735746e-10
2.71623597,2.15814942e-10
2.7193095,5.68251723e-10
2.72238303,1.81717648e-10
2.72545657,4.52879692e-11
2.7285301,3.07141395e-11
2.73160364,3.37659732e-11
2.73467717,3.72816413e-11
2.73775071,3.97353493e-11
2.74082424,4.1349704e-11
2.74389778,4.23793507e-11
2.74697131,4.29859142e-11
2.75004484,4.32582198e-11
2.75311838,4.32332206e-11
2.75619191,4.29057462e-11
2.75926545,4.22279247e-11
2.76233898,4.10982003e-11
2.76541252,3.93384309e-11
2.76848605,3.66645856e-11
2.77155958,3.27367477e-11
2.77463312,2.7968345e-11
2.77770665,2.99161759e-11
2.78078019,6.49736489e-11
2.78385372,1.84098435e-10
2.78692726,6.05077296e-10
2.79000079,1.47231502e-09
2.79307432,7.74870789e-10
2.79614786,3.37334124e-10
2.79922139,1.87816662e-10
2.80229493,1.25539913e-10
2.80536846,9.52765093e-11
2.808442,7.900695e-11
2.81151553,6.96026056e-11
2.81458906,6.39447077e-11
2.8176626,6.09876466e-11
2.82073613,6.26862089e-11
2.82380967,8.78007409e-11
2.8268832,7.81863506e-10
2.82995674,1.647972e-10
2.83303027,1.04982167e-10
2.83610381,8.92500617e-11
2.83917734,8.28032883e-11
2.84225087,7.98595602e-11
2.84532441,7.8745205e-11
2.84839794,7.88883489e-11
2.85147148,8.01690605e-11
2.85454501,8.27872057e-11
2.85761855,8.73791089e-11
2.86069208,9.5548141e-11
2.86376561,1.11936391e-10
2.86683915,1.56413557e-10
2.86991268,5.7268993e-10
2.87298622,1.26522487e-10
2.87605975,3.80319375e-11
2.87913329,2.78984963e-11
2.88220682,3.0305728e-11
2.88528035,3.32080976e-11
2.88835389,3.51757005e-11
2.89142742,3.62272671e-11
2.89450096,3.64883543e-11
2.89757449,3.60870916e-11
2.90064803,3.52783607e-11
2.90372156,3.53862051e-11
2.90679509,4.12732213e-11
2.90986863,6.74332339e-11
2.91294216,1.6043817e-10
2.9160157,8.33613192e-10
2.91908923,8.03393657e-10
2.92216277,5.04108814e-10
2.9252363,7.40670503e-10
2.92830984,1.48102429e-09
2.93138337,2.40217109e-10
2.9344569,1.15804376e-10
2.93753044,7.83692243e-11
2.94060397,6.44223862e-11
2.94367751,5.86698363e-11
2.94675104,5.60121445e-11
2.94982458,5.45609969e-11
2.95289811,5.35698697e-11
2.95597164,5.27338532e-11
2.95904518,5.195681e-11
2.96211871,5.13199912e-11
2.96519225,5.12375216e-11
2.96826578,5.30867503e-11
2.97133932,6.09347859e-11
2.97441285,8.75984554e-11
2.97748638,1.8696338e-10
2.98055992,2.06062477e-09
2.98363345,3.69045323e-10
2.98670699,2.13863132e-10
2.98978052,1.71494569e-10
2.99285406,1.55788515e-10
2.99592759,1.52767487e-10
2.99900112,1.61063444e-10
3.00207466,1.89362695e-10
3.00514819,2.90704805e-10
3.00822173,2.31418834e-08
3.01129526,1.77377737e-10
3.0143688,8.13319481e-11
3.01744233,6.14944775e-11
3.02051587,5.72111603e-11
3.0235894,5.65858928e-11
3.02666293,5.67047862e-11
3.02973647,5.68348182e-11
