1.13029225,2.21426395e+16
1.13336579,2.29573027e+16
1.13643932,2.49786056e+16
1.13951285,2.6870584e+16
1.14258639,2.83954964e+16
1.14565992,2.98730023e+16
1.14873346,3.14212171e+16
1.15180699,3.27129119e+16
1.15488053,3.48580508e+16
1.15795406,3.87765829e+16
1.16102759,4.66426519e+16
1.16410113,7.10798519e+16
1.16717466,3.12504771e+17
1.1702482,1.18536969e+17
1.17332173,6.17528881e+16
1.17639527,5.28945602e+16
1.1794688,5.60910149e+16
1.18254233,7.208427e+16
1.18561587,1.40480852e+17
1.1886894,3.28342143e+17
1.19176294,5.5676599e+16
1.19483647,2.53230172e+16
1.19791001,1.46087829e+16
1.20098354,9949680740000000.0
1.20405707,8024837270000000.0
1.20713061,7464054400000000.0
1.21020414,7498221340000000.0
1.21327768,7796916680000000.0
1.21635121,8237705020000000.0
1.21942475,8825956000000000.0
1.22249828,9710094460000000.0
1.22557182,1.13118094e+16
1.22864535,1.53096132e+16
1.23171888,3.39964575e+16
1.23479242,7.0395366e+16
1.23786595,2.07842424e+16
1.24093949,1.49555326e+16
1.24401302,1.34944566e+16
1.24708656,1.34167173e+16
1.25016009,1.42580846e+16
1.25323362,1.64510567e+16
1.25630716,2.24344285e+16
1.25938069,5.87792954e+16
1.26245423,3.38435607e+16
1.26552776,1.02491197e+16
1.2686013,6352680100000000.0
1.27167483,5549185800000000.0
1.27474836,5498755630000000.0
1.2778219,5616061380000000.0
1.28089543,5749376350000000.0
1.28396897,5855770580000000.0
1.2870425,5915298010000000.0
1.29011604,5930865980000000.0
1.29318957,5925463340000000.0
1.2962631,5898276830000000.0
1.29933664,5967357450000000.0
1.30241017,6486684650000000.0
1.30548371,8370703920000000.0
1.30855724,1.33190258e+16
1.31163078,2.35298193e+16
1.31470431,3.84761053e+16
1.31777785,4.52313947e+16
1.32085138,3.52554643e+16
1.32392491,2.24509864e+16
1.32699845,1.37779408e+16
1.33007198,8599370770000000.0
1.33314552,5610705440000000.0
1.33621905,4069301990000000.0
1.33929259,3559113700000000.0
1.34236612,3687545000000000.0
1.34543965,4104527040000000.0
1.34851319,4646597780000000.0
1.35158672,5274594530000000.0
1.35466026,6008698250000000.0
1.35773379,6934381310000000.0
1.36080733,8254686920000000.0
1.36388086,1.04674059e+16
1.36695439,1.53928718e+16
1.37002793,3.75116607e+16
1.37310146,4.81749999e+16
1.376175,1.42902685e+16
1.37924853,9864202630000000.0
1.38232207,9617218680000000.0
1.3853956,1.17912213e+16
1.38846913,1.93239927e+16
1.39154267,1.65317211e+17
1.3946162,1.76956295e+16
1.39768974,6906223860000000.0
1.40076327,3717417180000000.0
1.40383681,2390699630000000.0
1.40691034,1920469990000000.0
1.40998387,1909185750000000.0
1.41305741,2097306790000000.0
1.41613094,2354481040000000.0
1.41920448,2639476560000000.0
1.42227801,2946001790000000.0
1.42535155,3288017780000000.0
1.42842508,3699903360000000.0
1.43149862,4256305540000000.0
1.43457215,5145457100000000.0
1.43764568,7024913250000000.0
1.44071922,1.4345165e+16
1.44379275,3.4249505e+16
1.44686629,7789543420000000.0
1.44993982,5541193730000000.0
1.45301336,5392777330000000.0
1.45608689,6043859510000000.0
1.45916042,7590079320000000.0
1.46223396,1.156449e+16
1.46530749,3.69781652e+16
1.46838103,1.89624189e+16
1.47145456,6131569920000000.0
1.4745281,3152712690000000.0
1.47760163,1934022450000000.0
1.48067516,1405553310000000.0
1.4837487,1242194540000000.0
1.48682223,1262338830000000.0
1.48989577,1356545240000000.0
1.4929693,1475494310000000.0
1.49604284,1603167000000000.0
1.49911637,1739804020000000.0
1.5021899,1896477480000000.0
1.50526344,2101649160000000.0
1.50833697,2427938850000000.0
1.51141051,3099233390000000.0
1.51448404,5118992920000000.0
1.51755758,2.58241727e+16
1.52063111,9735774540000000.0
1.52370465,5163827380000000.0
1.52677818,4249796450000000.0
1.52985171,4165909920000000.0
1.53292525,4668841360000000.0
1.53599878,6427744500000000.0
1.53907232,1.80030085e+16
1.54214585,1.09438835e+16
1.54521939,3796747910000000.0
1.54829292,2447906070000000.0
1.55136645,2004863170000000.0
1.55443999,1829827220000000.0
1.55751352,1750531590000000.0
1.56058706,1708532360000000.0
1.56366059,1681385170000000.0
1.56673413,1660006630000000.0
1.56980766,1641150830000000.0
1.57288119,1625623950000000.0
1.57595473,1620750190000000.0
1.57902826,1653308750000000.0
1.5821018,1831145590000000.0
1.58517533,2745767400000000.0
1.58824887,1.78756403e+16
1.5913224,5139771270000000.0
1.59439593,2967732510000000.0
1.59746947,2394596440000000.0
1.600543,2138981160000000.0
1.60361654,1998365830000000.0
1.60669007,1917241650000000.0
1.60976361,1881092140000000.0
1.61283714,1897868290000000.0
1.61591068,2008163520000000.0
1.61898421,2350681440000000.0
1.62205774,3633455850000000.0
1.62513128,9.30963437e+16
1.62820481,2868281920000000.0
1.63127835,1416829720000000.0
1.63435188,996507446000000.0
1.63742542,791731451000000.0
1.64049895,655754164000000.0
1.64357248,549263520000000.0
1.64664602,463291188000000.0
1.64971955,402787277000000.0
1.65279309,381160772000000.0
1.65586662,409827366000000.0
1.65894016,486251509000000.0
1.66201369,598750578000000.0
1.66508722,737505935000000.0
1.66816076,897765468000000.0
1.67123429,1079961160000000.0
1.67430783,1292146350000000.0
1.67738136,1560617610000000.0
1.6804549,1969940960000000.0
1.68352843,2855487520000000.0
1.68660196,6597620350000000.0
1.6896755,1.85664239e+16
1.69274903,4922768410000000.0
1.69582257,3437441110000000.0
1.6988961,2893250480000000.0
1.70196964,2561627910000000.0
1.70504317,2273926740000000.0
1.70811671,1982362710000000.0
1.71119024,1690035100000000.0
1.71426377,1440345240000000.0
1.71733731,1312520380000000.0
1.72041084,1372961130000000.0
1.72348438,1598855210000000.0
1.72655791,1908086000000000.0
1.72963145,2231849050000000.0
1.73270498,2529690250000000.0
1.73577851,2780739410000000.0
1.73885205,2975874310000000.0
1.74192558,3113220610000000.0
1.74499912,3196332640000000.0
1.74807265,3234806760000000.0
1.75114619,3251338190000000.0
1.75421972,3304617980000000.0
1.75729325,3559512950000000.0
1.76036679,4491821140000000.0
1.76344032,7602719600000000.0
1.76651386,2.23323577e+16
1.76958739,5.54142835e+16
1.77266093,1.66146964e+16
1.77573446,1.12867822e+16
1.77880799,9270570970000000.0
1.78188153,8326584260000000.0
1.78495506,7983310680000000.0
1.7880286,8263775560000000.0
1.79110213,9770591620000000.0
1.79417567,1.5668435e+16
1.7972492,1.30979085e+17
1.80032274,1.90446042e+16
1.80339627,9564161430000000.0
1.8064698,6816630910000000.0
1.80954334,5483217710000000.0
1.81261687,4637525490000000.0
1.81569041,3997579540000000.0
1.81876394,3452246180000000.0
1.82183748,2951622380000000.0
1.82491101,2480618190000000.0
1.82798454,2066032200000000.0
1.83105808,1825496690000000.0
1.83413161,2012807870000000.0
1.83720515,2851219700000000.0
1.84027868,4487853070000000.0
1.84335222,7443081840000000.0
1.84642575,1.38404108e+16
1.84949928,3.99133216e+16
1.85257282,6.77066458e+16
1.85564635,1.89286694e+16
1.85871989,1.064359e+16
1.86179342,7265983660000000.0
1.86486696,6414480930000000.0
1.86794049,8131974840000000.0
1.87101402,1.23958847e+16
1.87408756,1.99305509e+16
1.87716109,3.34972199e+16
1.88023463,6.05089777e+16
1.88330816,1.17622335e+17
1.8863817,1.85841916e+17
1.88945523,1.24890238e+17
1.89252877,5.31610105e+16
1.8956023,2.40780176e+16
1.89867583,1.33835627e+16
1.90174937,9853887890000000.0
1.9048229,8902124260000000.0
1.90789644,8665716310000000.0
1.91096997,8561315530000000.0
1.91404351,8440187130000000.0
1.91711704,8270872770000000.0
1.92019057,8049463190000000.0
1.92326411,7776853410000000.0
1.92633764,7454702470000000.0
1.92941118,7090622090000000.0
1.93248471,6718187300000000.0
1.93555825,6457949260000000.0
1.93863178,6675985430000000.0
1.94170531,8215661690000000.0
1.94477885,1.23596716e+16
1.94785238,2.05026554e+16
1.95092592,3.24193097e+16
1.95399945,3.94297999e+16
1.95707299,3.15339992e+16
1.96014652,1.90086338e+16
1.96322005,1.05636984e+16
1.96629359,6228634850000000.0
1.96936712,4614569860000000.0
1.97244066,4414162040000000.0
1.97551419,4640859600000000.0
1.97858773,4893391620000000.0
1.98166126,5071133560000000.0
1.9847348,5160189010000000.0
1.98780833,5165315640000000.0
1.99088186,5093276650000000.0
1.9939554,4953611010000000.0
1.99702893,4778480350000000.0
2.00010247,4712416730000000.0
2.003176,5398670260000000.0
2.00624954,9435640620000000.0
2.00932307,3.58901054e+16
2.0123966,5.15309464e+16
2.01547014,2.18209518e+16
2.01854367,1.6498565e+16
2.02161721,1.47024749e+16
2.02469074,1.44424403e+16
2.02776428,1.58885291e+16
2.03083781,2.28834098e+16
2.03391134,5.90545629e+17
2.03698488,1.21503214e+16
2.04005841,6756147480000000.0
2.04313195,5806263890000000.0
2.04620548,5518227540000000.0
2.04927902,5329776140000000.0
2.05235255,5129903970000000.0
2.05542608,4890371310000000.0
2.05849962,4599832080000000.0
2.06157315,4249701330000000.0
2.06464669,3832168640000000.0
2.06772022,3346136430000000.0
2.07079376,2825350130000000.0
2.07386729,2449516750000000.0
2.07694083,2779898210000000.0
2.08001436,4499976810000000.0
2.08308789,8210958960000000.0
2.08616143,1.60054234e+16
2.08923496,3.81048036e+16
2.0923085,3.26155866e+17
2.09538203,8.63193202e+16
2.09845557,5.2764887e+16
2.1015291,5.76452478e+16
2.10460263,2.79568683e+17
2.10767617,5.45738818e+16
2.1107497,2.69602428e+16
2.11382324,2.01990436e+16
2.11689677,1.73389958e+16
2.11997031,1.57649205e+16
2.12304384,1.47527357e+16
2.12611737,1.40326606e+16
2.12919091,1.34827585e+16
2.13226444,1.30456435e+16
2.13533798,1.27329472e+16
2.13841151,1.28930726e+16
2.14148505,1.79716891e+16
2.14455858,1.12331258e+17
2.14763211,2.43916799e+16
2.15070565,1.97112165e+16
2.15377918,1.88477444e+16
2.15685272,1.93848676e+16
2.15992625,2.13293397e+16
2.16299979,2.62278169e+16
2.16607332,4.36568745e+16
2.16914686,2.30463472e+17
2.17222039,1.81073045e+16
2.17529392,7346671860000000.0
2.17836746,5319491230000000.0
2.18144099,5388959310000000.0
2.18451453,5792874640000000.0
2.18758806,6159903960000000.0
2.1906616,6440665340000000.0
2.19373513,6642758400000000.0
2.19680866,6780538150000000.0
2.1998822,6867106320000000.0
2.20295573,6916213370000000.0
2.20602927,6955163570000000.0
2.2091028,7075594960000000.0
2.21217634,7699606050000000.0
2.21524987,1.15303217e+16
2.2183234,9.64919812e+16
2.22139694,2.31922539e+16
2.22447047,1.44699432e+16
2.22754401,1.22093351e+16
2.23061754,1.1322925e+16
2.23369108,1.10206613e+16
2.23676461,1.1219512e+16
2.23983814,1.25690895e+16
2.24291168,2.5873526e+16
2.24598521,1.00165217e+16
2.24905875,7423962660000000.0
2.25213228,7387918930000000.0
2.25520582,7349820620000000.0
2.25827935,7224942150000000.0
2.26135289,6999393340000000.0
2.26442642,6637261650000000.0
2.26749995,6051912850000000.0
2.27057349,5024880240000000.0
2.27364702,2896457460000000.0
2.27672056,5534788460000000.0
2.27979409,6.81623986e+16
2.28286763,1.88148056e+16
2.28594116,1.44392351e+16
2.28901469,1.28192034e+16
2.29208823,1.19849827e+16
2.29516176,1.14842176e+16
2.2982353,1.11578071e+16
2.30130883,1.0935194e+16
2.30438237,1.07813552e+16
2.3074559,1.06778648e+16
2.31052943,1.06154865e+16
2.31360297,1.05914292e+16
2.3166765,1.06092962e+16
2.31975004,1.06821687e+16
2.32282357,1.08428205e+16
2.32589711,1.11785271e+16
2.32897064,1.19929933e+16
2.33204417,1.54332774e+16
2.33511771,3355066310000000.0
2.33819124,6663502110000000.0
2.34126478,7809616720000000.0
2.34433831,8222930980000000.0
2.34741185,8394324630000000.0
2.35048538,8440009350000000.0
2.35355892,8389990800000000.0
2.35663245,8234631600000000.0
2.35970598,7920300470000000.0
2.36277952,7291566250000000.0
2.36585305,5814711220000000.0
2.36892659,3988510620000000.0
2.37200012,2.66984793e+16
2.37507366,1.50072709e+16
2.37814719,1.30670631e+16
2.38122072,1.2313867e+16
2.38429426,1.1943046e+16
2.38736779,1.17457183e+16
2.39044133,1.16440971e+16
2.39351486,1.16030717e+16
2.3965884,1.16049711e+16
2.39966193,1.16406422e+16
2.40273546,1.17058541e+16
2.405809,1.18037737e+16
2.40888253,1.19590514e+16
2.41195607,1.23337997e+16
2.4150296,1.54665611e+16
2.41810314,2.71153688e+16
2.42117667,1.5194636e+16
2.4242502,1.44301584e+16
2.42732374,1.45132721e+16
2.43039727,1.49007001e+16
2.43347081,1.56333583e+16
2.43654434,1.95836623e+16
2.43961788,3.37326335e+16
2.44269141,2.28779641e+16
2.44576495,2.4153763e+16
2.44883848,2.77829245e+16
2.45191201,3.46176438e+16
2.45498555,4.91885596e+16
2.45805908,9.64296561e+16
2.46113262,1.0735534e+18
2.46420615,7.46153206e+16
2.46727969,3.74639519e+16
2.47035322,2.48367162e+16
2.47342675,1.87108311e+16
2.47650029,1.52508638e+16
2.47957382,1.31375256e+16
2.48264736,1.1791401e+16
2.48572089,1.09163804e+16
2.48879443,1.03466045e+16
2.49186796,9984273720000000.0
2.49494149,9768456070000000.0
2.49801503,9661146510000000.0
2.50108856,9639064250000000.0
2.5041621,9689029860000000.0
2.50723563,9805433510000000.0
2.51030917,9989073470000000.0
2.5133827,1.02470403e+16
2.51645623,1.05935509e+16
2.51952977,1.10517312e+16
2.5226033,1.16560749e+16
2.52567684,1.24534764e+16
2.52875037,1.34915895e+16
2.53182391,1.47356972e+16
2.53489744,1.55761376e+16
2.53797097,1.20175657e+16
2.54104451,1.07625009e+16
2.54411804,3.18877056e+16
2.54719158,2.65365857e+16
2.55026511,1.97239849e+16
2.55333865,1.54541206e+16
2.55641218,1.28439228e+16
2.55948572,1.11811786e+16
2.56255925,1.00695211e+16
2.56563278,9287528400000000.0
2.56870632,8704299100000000.0
2.57177985,8235684530000000.0
2.57485339,7819695870000000.0
2.57792692,7398792210000000.0
2.58100046,6898327530000000.0
2.58407399,6190698620000000.0
2.58714752,5058365040000000.0
2.59022106,6936552540000000.0
2.59329459,4.3540237e+16
2.59636813,1.58190806e+16
2.59944166,1.28038997e+16
2.6025152,1.17602851e+16
2.60558873,1.13258759e+16
2.60866226,1.1193248e+16
2.6117358,1.12728277e+16
2.61480933,1.15558176e+16
2.61788287,1.2089463e+16
2.6209564,1.29950258e+16
2.62402994,1.45411379e+16
2.62710347,1.73770806e+16
2.630177,2.3467783e+16
2.63325054,4.25577902e+16
2.63632407,2.85568856e+18
2.63939761,3.88386183e+16
2.64247114,1.88671146e+16
2.64554468,1.25292796e+16
2.64861821,9460305800000000.0
2.65169175,7603687590000000.0
2.65476528,6335486730000000.0
2.65783881,5698596100000000.0
2.66091235,6853818250000000.0
2.66398588,1.31038036e+16
2.66705942,4.00996422e+16
2.67013295,2.28380675e+17
2.67320649,4.83670363e+16
2.67628002,3.45950565e+16
2.67935355,3.24194276e+16
2.68242709,3.8626789e+16
2.68550062,1.01489806e+17
2.68857416,3.23880909e+16
2.69164769,8055136650000000.0
2.69472123,5451618230000000.0
2.69779476,5980789510000000.0
2.70086829,6589637630000000.0
2.70394183,7008512620000000.0
2.70701536,7277773710000000.0
2.7100889,7443080460000000.0
2.71316243,7533412690000000.0
2.71623597,7564779330000000.0
2.7193095,7544006270000000.0
2.72238303,7470531320000000.0
2.72545657,7336383840000000.0
2.7285301,7124362850000000.0
2.73160364,6803842790000000.0
2.73467717,6326166150000000.0
2.73775071,5633651040000000.0
2.74082424,4797828200000000.0
2.74389778,5115616820000000.0
2.74697131,1.10747404e+16
2.75004484,3.12781457e+16
2.75311838,1.02467576e+17
2.75619191,2.48514092e+17
2.75926545,1.30359914e+17
2.76233898,5.65625837e+16
2.76541252,3.13867835e+16
2.76848605,2.09087295e+16
2.77155958,1.58144477e+16
2.77463312,1.30690781e+16
2.77770665,1.14737546e+16
2.78078019,1.050445e+16
2.78385372,9983606410000000.0
2.78692726,1.02254608e+16
2.79000079,1.42712708e+16
2.79307432,1.26630142e+17
2.79614786,2.65941175e+16
2.79922139,1.68799147e+16
2.80229493,1.42989525e+16
2.80536846,1.32181956e+16
2.808442,1.27018836e+16
2.81151553,1.24787043e+16
2.81458906,1.24551728e+16
2.8176626,1.26102109e+16
2.82073613,1.29731189e+16
2.82380967,1.36408413e+16
2.8268832,1.48591749e+16
2.82995674,1.73407941e+16
2.83303027,2.41370068e+16
2.83610381,8.80290023e+16
2.83917734,1.93712129e+16
2.84225087,5800335260000000.0
2.84532441,4238275410000000.0
2.84839794,4585870550000000.0
2.85147148,5005119610000000.0
2.85454501,5280451460000000.0
2.85761855,5416339550000000.0
2.86069208,5433134960000000.0
2.86376561,5351279350000000.0
2.86683915,5218717230000000.0
2.86991268,5223365600000000.0
2.87298622,6079121930000000.0
2.87605975,9910543470000000.0
2.87913329,2.35275696e+16
2.88220682,1.2197608e+17
2.88528035,1.17293516e+17
2.88835389,7.34345009e+16
2.89142742,1.07652926e+17
2.89450096,2.1477441e+17
2.89757449,3.47566913e+16
2.90064803,1.67173764e+16
2.90372156,1.12871335e+16
2.90679509,9256661380000000.0
2.90986863,8410198260000000.0
2.91294216,8010167880000000.0
2.9160157,7784020810000000.0
2.91908923,7624277710000000.0
2.92216277,7487177690000000.0
2.9252363,7358946700000000.0
2.92830984,7251005950000000.0
2.93138337,7221579740000000.0
2.9344569,7456457270000000.0
2.93753044,8525097900000000.0
2.94060397,1.2206838e+16
2.94367751,2.59490001e+16
2.94675104,2.8484249e+17
2.94982458,5.08055918e+16
2.95289811,2.93209189e+16
2.95597164,2.34145321e+16
2.95904518,2.11810424e+16
2.96211871,2.0682481e+16
2.96519225,2.17125689e+16
2.96826578,2.54176052e+16
2.97133932,3.88537821e+16
2.97441285,3.07965783e+18
2.97748638,2.35021178e+16
2.98055992,1.07288774e+16
2.98363345,8075979030000000.0
2.98670699,7479733920000000.0
2.98978052,7364442580000000.0
2.99285406,7346108450000000.0
2.99592759,7328873000000000.0
2.99900112,7297138200000000.0
3.00207466,7272444120000000.0
3.00514819,7324464360000000.0
3.00822173,7630804520000000.0
3.01129526,8626529970000000.0
3.0143688,1.13350654e+16
3.01744233,1.83562773e+16
3.02051587,4.00228235e+16
3.0235894,2.68162255e+17
3.02666293,9.80889129e+16
3.02973647,5.38160393e+16
