,0
1.16410113,7.61533398e-11
1.16717466,7.92747488e-11
1.1702482,8.65434904e-11
1.17332173,9.3735607e-11
1.17639527,9.97384397e-11
1.1794688,1.05297009e-10
1.18254233,1.11270278e-10
1.18561587,1.1827545e-10
1.1886894,1.2736401e-10
1.19176294,1.43000828e-10
1.19483647,1.75773812e-10
1.19791001,2.70266702e-10
1.20098354,1.1942946e-09
1.20405707,4.56346941e-10
1.20713061,2.38948438e-10
1.21020414,2.03928879e-10
1.21327768,2.15479398e-10
1.21635121,2.76186883e-10
1.21942475,5.36684983e-10
1.22249828,1.24880689e-09
1.22557182,2.12704526e-10
1.22864535,9.74105983e-11
1.23171888,5.64907785e-11
1.23479242,3.8655819e-11
1.23786595,3.13896134e-11
1.24093949,2.93921172e-11
1.24401302,2.9819892e-11
1.24708656,3.12819901e-11
1.25016009,3.32919506e-11
1.25323362,3.58842481e-11
1.25630716,3.94467861e-11
1.25938069,4.59206036e-11
1.26245423,6.21109066e-11
1.26552776,1.38376459e-10
1.2686013,2.87355159e-10
1.27167483,8.47715003e-11
1.27474836,6.16216856e-11
1.2778219,5.57347993e-11
1.28089543,5.52860001e-11
1.28396897,5.86901117e-11
1.2870425,6.76912688e-11
1.29011604,9.2305486e-11
1.29318957,2.41562788e-10
1.2962631,1.3872305e-10
1.29933664,4.19224522e-11
1.30241017,2.59981206e-11
1.30548371,2.27468762e-11
1.30855724,2.25675542e-11
1.31163078,2.30544152e-11
1.31470431,2.35907264e-11
1.31777785,2.40203376e-11
1.32085138,2.43036725e-11
1.32392491,2.44162002e-11
1.32699845,2.43756541e-11
1.33007198,2.42925662e-11
1.33314552,2.46021645e-11
1.33621905,2.67529863e-11
1.33929259,3.45501672e-11
1.34236612,5.5012577e-11
1.34543965,9.7216405e-11
1.34851319,1.58928254e-10
1.35158672,1.86645247e-10
1.35466026,1.45333623e-10
1.35773379,9.25916874e-11
1.36080733,5.68974321e-11
1.36388086,3.55481361e-11
1.36695439,2.32012538e-11
1.37002793,1.68208504e-11
1.37310146,1.47043165e-11
1.376175,1.52194699e-11
1.37924853,1.69566499e-11
1.38232207,1.92183866e-11
1.3853956,2.18230389e-11
1.38846913,2.48765323e-11
1.39154267,2.87319766e-11
1.3946162,3.41851289e-11
1.39768974,4.33196971e-11
1.40076327,6.36159863e-11
1.40383681,1.54806057e-10
1.40691034,1.9847305e-10
1.40998387,5.87714907e-11
1.41305741,4.05202134e-11
1.41613094,3.94691943e-11
1.41920448,4.8316571e-11
1.42227801,7.91069942e-11
1.42535155,6.76272236e-10
1.42842508,7.23926107e-11
1.43149862,2.82535714e-11
1.43457215,1.51875893e-11
1.43764568,9.74265144e-12
1.44071922,7.8182591e-12
1.44379275,7.76430474e-12
1.44686629,8.50947633e-12
1.44993982,9.52995813e-12
1.45301336,1.06588937e-11
1.45608689,1.18696076e-11
1.45916042,1.321935e-11
1.46223396,1.48447994e-11
1.46530749,1.70424998e-11
1.46838103,2.06036316e-11
1.47145456,2.8144391e-11
1.4745281,5.74889164e-11
1.47760163,1.37177661e-10
1.48067516,3.11810032e-11
1.4837487,2.21616545e-11
1.48682223,2.15366652e-11
1.48989577,2.41027378e-11
1.4929693,3.02264688e-11
1.49604284,4.59896027e-11
1.49911637,1.46849865e-10
1.5021899,7.52750076e-11
1.50526344,2.43436294e-11
1.50833697,1.25184862e-11
1.51141051,7.68033116e-12
1.51448404,5.58159988e-12
1.51755758,4.93159123e-12
1.52063111,4.9976573e-12
1.52370465,5.35537902e-12
1.52677818,5.80856499e-12
1.52985171,6.29354414e-12
1.53292525,6.80992047e-12
1.53599878,7.40245202e-12
1.53907232,8.19499649e-12
1.54214585,9.45774969e-12
1.54521939,1.20605397e-11
1.54829292,1.99000741e-11
1.55136645,1.00283263e-10
1.55443999,3.77652576e-11
1.55751352,1.9996126e-11
1.56058706,1.64284975e-11
1.56366059,1.60767586e-11
1.56673413,1.79870494e-11
1.56980766,2.47215031e-11
1.57288119,6.91053546e-11
1.57595473,4.19134549e-11
1.57902826,1.45082902e-11
1.5821018,9.33310327e-12
1.58517533,7.62688604e-12
1.58824887,6.94557341e-12
1.5913224,6.62954078e-12
1.59439593,6.45882544e-12
1.59746947,6.34778163e-12
1.600543,6.25879126e-12
1.60361654,6.17954453e-12
1.60669007,6.11303415e-12
1.60976361,6.08664131e-12
1.61283714,6.20053899e-12
1.61591068,6.85550684e-12
1.61898421,1.02618131e-11
1.62205774,6.66911263e-11
1.62513128,1.91425039e-11
1.62820481,1.10337533e-11
1.63127835,8.88629582e-12
1.63435188,7.92466634e-12
1.63742542,7.39454279e-12
1.64049895,7.08560084e-12
1.64357248,6.94343824e-12
1.64664602,6.99675131e-12
1.64971955,7.39295264e-12
1.65279309,8.64112934e-12
1.65586662,1.33373048e-11
1.65894016,3.41244604e-10
1.66201369,1.04988392e-11
1.66508722,5.17874693e-12
1.66816076,3.63733667e-12
1.67123429,2.88614738e-12
1.67430783,2.38737429e-12
1.67738136,1.99776223e-12
1.6804549,1.68408264e-12
1.68352843,1.46329527e-12
1.68660196,1.3839227e-12
1.6896755,1.48703899e-12
1.69274903,1.76302635e-12
1.69582257,2.16930637e-12
1.6988961,2.66968489e-12
1.70196964,3.24565946e-12
1.70504317,3.89937338e-12
1.70811671,4.65957256e-12
1.71119024,5.62032633e-12
1.71426377,7.08489062e-12
1.71733731,1.02559572e-11
1.72041084,2.36646638e-11
1.72348438,6.65271185e-11
1.72655791,1.76224459e-11
1.72963145,1.22936011e-11
1.73270498,1.03372933e-11
1.73577851,9.1432525e-12
1.73885205,8.10822429e-12
1.74192558,7.06151313e-12
1.74499912,6.01323217e-12
1.74807265,5.11584061e-12
1.75114619,4.65367728e-12
1.75421972,4.85940644e-12
1.75729325,5.64857852e-12
1.76036679,6.72875442e-12
1.76344032,7.85615234e-12
1.76651386,8.88837578e-12
1.76958739,9.75343867e-12
1.77266093,1.04209762e-11
1.77573446,1.08843218e-11
1.77880799,1.11564095e-11
1.78188153,1.12718731e-11
1.78495506,1.13106214e-11
1.7880286,1.14768695e-11
1.79110213,1.23416127e-11
1.79417567,1.55529871e-11
1.7972492,2.63065485e-11
1.80032274,7.72206237e-11
1.80339627,1.91478127e-10
1.8064698,5.73705806e-11
1.80954334,3.89463738e-11
1.81261687,3.19671619e-11
1.81569041,2.86923322e-11
1.81876394,2.74905504e-11
1.82183748,2.8433193e-11
1.82491101,3.35896807e-11
1.82798454,5.38158306e-11
1.83105808,4.49455215e-10
1.83413161,6.52915683e-11
1.83720515,3.2759205e-11
1.84027868,2.33269614e-11
1.84335222,1.87467695e-11
1.84642575,1.58410605e-11
1.84949928,1.36426986e-11
1.85257282,1.17694849e-11
1.85564635,1.00523964e-11
1.85871989,8.43961103e-12
1.86179342,7.02188752e-12
1.86486696,6.19801596e-12
1.86794049,6.82699199e-12
1.87101402,9.66081494e-12
1.87408756,1.51908294e-11
1.87716109,2.51674467e-11
1.88023463,4.67492758e-11
1.88330816,1.34674033e-10
1.8863817,2.28211711e-10
1.88945523,6.37335177e-11
1.89252877,3.57995573e-11
1.8956023,2.44132831e-11
1.89867583,2.15296059e-11
1.90174937,2.72502422e-11
1.9048229,4.14573907e-11
1.90789644,6.6526552e-11
1.91096997,1.11592994e-10
1.91404351,2.01187782e-10
1.91711704,3.90325004e-10
1.92019057,6.15511547e-10
1.92326411,4.12833717e-10
1.92633764,1.75385557e-10
1.92941118,7.93051796e-11
1.93248471,4.40420073e-11
1.93555825,3.23979897e-11
1.93863178,2.92428511e-11
1.94170531,2.84411187e-11
1.94477885,2.80736828e-11
1.94785238,2.7651732e-11
1.95092592,2.70723963e-11
1.95399945,2.63237577e-11
1.95707299,2.54092002e-11
1.96014652,2.43453386e-11
1.96322005,2.31513874e-11
1.96629359,2.19307319e-11
1.96936712,2.10768228e-11
1.97244066,2.1783951e-11
1.97551419,2.68029844e-11
1.97858773,4.03151282e-11
1.98166126,6.68640852e-11
1.9847348,1.05708378e-10
1.98780833,1.28544721e-10
1.99088186,1.0271757e-10
1.9939554,6.18486875e-11
1.99702893,3.43328563e-11
2.00010247,2.02208003e-11
2.003176,1.49638046e-11
2.00624954,1.42976564e-11
2.00932307,1.50148581e-11
2.0123966,1.58139164e-11
2.01547014,1.63697337e-11
2.01854367,1.66383292e-11
2.02161721,1.66405602e-11
2.02469074,1.6400059e-11
2.02776428,1.59421032e-11
2.03083781,1.53704506e-11
2.03391134,1.51500571e-11
2.03698488,1.73472996e-11
2.04005841,3.03034219e-11
2.04313195,1.15204893e-10
2.04620548,1.65325911e-10
2.04927902,6.99719245e-11
2.05235255,5.28782178e-11
2.05542608,4.70620846e-11
2.05849962,4.61644125e-11
2.06157315,5.07150699e-11
2.06464669,7.29392428e-11
2.06772022,1.8796705e-09
2.07079376,3.86192966e-11
2.07386729,2.14439416e-11
2.07694083,1.84031318e-11
2.08001436,1.74656442e-11
2.08308789,1.68452468e-11
2.08616143,1.61904123e-11
2.08923496,1.54202078e-11
2.0923085,1.44915529e-11
2.09538203,1.33769269e-11
2.09845557,1.20522461e-11
2.1015291,1.05146032e-11
2.10460263,8.87049431e-12
2.10767617,7.6839175e-12
2.1107497,8.71281191e-12
2.11382324,1.40902947e-11
2.11689677,2.56852025e-11
2.11997031,5.00191088e-11
2.12304384,1.19028639e-10
2.12611737,1.01873744e-09
2.12919091,2.69594927e-10
2.13226444,1.64784609e-10
2.13533798,1.8001321e-10
2.13841151,8.72971211e-10
2.14148505,1.70430094e-10
2.14455858,8.4206152e-11
2.14763211,6.30973078e-11
2.15070565,5.4170817e-11
2.15377918,4.92601887e-11
2.15685272,4.61042658e-11
2.15992625,4.38470173e-11
2.16299979,4.21202758e-11
2.16607332,4.07465878e-11
2.16914686,3.97620564e-11
2.17222039,4.02505999e-11
2.17529392,5.60870044e-11
2.17836746,3.50454953e-10
2.18144099,7.60733133e-11
2.18451453,6.14559445e-11
2.18758806,5.87449466e-11
2.1906616,6.03997909e-11
2.19373513,6.64373476e-11
2.19680866,8.16716994e-11
2.1998822,1.35907187e-10
2.20295573,7.17273683e-10
2.20602927,5.63417704e-11
2.2091028,2.28539929e-11
2.21217634,1.65438726e-11
2.21524987,1.67559283e-11
2.2183234,1.80075696e-11
2.22139694,1.91440213e-11
2.22447047,2.00119354e-11
2.22754401,2.06351116e-11
2.23061754,2.10581296e-11
2.23369108,2.13196821e-11
2.23676461,2.14577885e-11
2.23983814,2.15642318e-11
2.24291168,2.19230065e-11
2.24598521,2.38405681e-11
2.24905875,3.56780328e-11
2.25213228,2.98375062e-10
2.25520582,7.16682022e-11
2.25827935,4.46851347e-11
2.26135289,3.76791747e-11
2.26442642,3.49205264e-11
2.26749995,3.3965085e-11
2.27057349,3.45543185e-11
2.27364702,3.86886684e-11
2.27672056,7.96337969e-11
2.27979409,3.08263208e-11
2.28286763,2.28457072e-11
2.28594116,2.27329677e-11
2.28901469,2.26139828e-11
2.29208823,2.22280885e-11
2.29516176,2.15326108e-11
2.2982353,2.04184587e-11
2.30130883,1.86184256e-11
2.30438237,1.54594295e-11
2.3074559,8.91155623e-12
2.31052943,1.70297106e-11
2.31360297,2.09735597e-10
2.3166765,5.79195068e-11
2.31975004,4.44781619e-11
2.32282357,3.95133392e-11
2.32589711,3.69660201e-11
2.32897064,3.54447431e-11
2.33204417,3.44586029e-11
2.33511771,3.37919341e-11
2.33819124,3.33372841e-11
2.34126478,3.30380313e-11
2.34433831,3.28658689e-11
2.34741185,3.28123899e-11
2.35048538,3.28889926e-11
2.35355892,3.31365097e-11
2.35663245,3.36570135e-11
2.35970598,3.46996779e-11
2.36277952,3.72179606e-11
2.36585305,4.78815282e-11
2.36892659,1.04063049e-11
2.37200012,2.0662569e-11
2.37507366,2.42102112e-11
2.37814719,2.54849229e-11
2.38122072,2.600944e-11
2.38429426,2.61443274e-11
2.38736779,2.59828075e-11
2.39044133,2.54952663e-11
2.39351486,2.45159409e-11
2.3965884,2.25642035e-11
2.39966193,1.79896646e-11
2.40273546,1.23369464e-11
2.405809,8.25640373e-11
2.40888253,4.63996129e-11
2.41195607,4.03923977e-11
2.4150296,3.80562408e-11
2.41810314,3.69026102e-11
2.42117667,3.62854814e-11
2.4242502,3.59642681e-11
2.42732374,3.58303666e-11
2.43039727,3.58291071e-11
2.43347081,3.59321561e-11
2.43654434,3.61279778e-11
2.43961788,3.64257722e-11
2.44269141,3.69005453e-11
2.44576495,3.80523876e-11
2.44883848,4.77139118e-11
2.45191201,8.3713209e-11
2.45498555,4.69460029e-11
2.45805908,4.46181866e-11
2.46113262,4.49098202e-11
2.46420615,4.6144558e-11
2.46727969,4.84514334e-11
2.47035322,6.07423372e-11
2.47342675,1.0471136e-10
2.47650029,7.1071964e-11
2.47957382,7.50880728e-11
2.48264736,8.6431499e-11
2.48572089,1.07771084e-10
2.48879443,1.53243569e-10
2.49186796,3.00638737e-10
2.49494149,3.34947637e-09
2.49801503,2.32996561e-10
2.50108856,1.17111994e-10
2.5041621,7.77234655e-11
2.50723563,5.86172162e-11
2.51030917,4.78304703e-11
2.5133827,4.12482833e-11
2.51645623,3.70632785e-11
2.51952977,3.43538074e-11
2.5226033,3.26027263e-11
2.52567684,3.1501889e-11
2.52875037,3.08613077e-11
2.53182391,3.05625513e-11
2.53489744,3.0533223e-11
2.53797097,3.07325951e-11
2.54104451,3.11437762e-11
2.54411804,3.1770175e-11
2.54719158,3.26352695e-11
2.55026511,3.37569492e-11
2.55333865,3.52352197e-11
2.55641218,3.71814121e-11
2.55948572,3.97459502e-11
2.56255925,4.3081709e-11
2.56563278,4.70764016e-11
2.56870632,4.97848219e-11
2.57177985,3.84290945e-11
2.57485339,3.44322319e-11
2.57792692,1.02067021e-10
2.58100046,8.49805007e-11
2.58407399,6.31950206e-11
2.58714752,4.9539127e-11
2.59022106,4.11926271e-11
2.59329459,3.58780684e-11
2.59636813,3.23274811e-11
2.59944166,2.98322985e-11
2.6025152,2.79815147e-11
2.60558873,2.64971479e-11
2.60866226,2.51799056e-11
2.6117358,2.38447453e-11
2.61480933,2.22537486e-11
2.61788287,1.99910688e-11
2.6209564,1.63510792e-11
2.62402994,2.24451634e-11
2.62710347,1.41031352e-10
2.630177,5.1292619e-11
2.63325054,4.15592449e-11
2.63632407,3.8211843e-11
2.63939761,3.68391594e-11
2.64247114,3.64464189e-11
2.64554468,3.67447664e-11
2.64861821,3.77077192e-11
2.65169175,3.9491776e-11
2.65476528,4.25029171e-11
2.65783881,4.76552593e-11
2.66091235,5.70646132e-11
2.66398588,7.72229856e-11
2.66705942,1.40328205e-10
2.67013295,9.43572129e-09
2.67320649,1.28597776e-10
2.67628002,6.2601932e-11
2.67935355,4.16608499e-11
2.68242709,3.15234884e-11
2.68550062,2.53914675e-11
2.68857416,2.12024193e-11
2.69164769,1.91127307e-11
2.69472123,2.30379855e-11
2.69779476,4.41442407e-11
2.70086829,1.35390978e-10
2.70394183,7.72838967e-10
2.70701536,1.64046716e-10
2.7100889,1.17605755e-10
2.71316243,1.10415246e-10
2.71623597,1.31770303e-10
2.7193095,3.46759312e-10
2.72238303,1.10824581e-10
2.72545657,2.76041094e-11
2.7285301,1.87103293e-11
2.73160364,2.05577139e-11
2.73467717,2.2685237e-11
2.73775071,2.41645306e-11
2.74082424,2.51319996e-11
2.74389778,2.57432e-11
2.74697131,2.60968609e-11
2.75004484,2.62473157e-11
2.75311838,2.62173185e-11
2.75619191,2.60040411e-11
2.75926545,2.55787964e-11
2.76233898,2.48804614e-11
2.76541252,2.38017118e-11
2.76848605,2.21714322e-11
2.77155958,1.97851151e-11
2.77463312,1.68937544e-11
2.77770665,1.80601817e-11
2.78078019,3.92021779e-11
2.78385372,1.11014628e-10
2.78692726,3.64668637e-10
2.79000079,8.86841517e-10
2.79307432,4.66479484e-10
2.79614786,2.02965298e-10
2.79922139,1.12941657e-10
2.80229493,7.54502451e-11
2.80536846,5.72299975e-11
2.808442,4.74310254e-11
2.81151553,4.1762098e-11
2.81458906,3.83461067e-11
2.8176626,3.65526333e-11
2.82073613,3.75499349e-11
2.82380967,5.25649212e-11
2.8268832,4.67831754e-10
2.82995674,9.85529803e-11
2.83303027,6.27475698e-11
2.83610381,5.3315269e-11
2.83917734,4.94370593e-11
2.84225087,4.76534321e-11
2.84532441,4.69627884e-11
2.84839794,4.70224625e-11
2.85147148,4.77597781e-11
2.85454501,4.92926303e-11
2.85761855,5.19983905e-11
2.86069208,5.68287769e-11
2.86376561,6.65397862e-11
2.86683915,9.29284699e-11
2.86991268,3.40062298e-10
2.87298622,7.50881595e-11
2.87605975,2.25588651e-11
2.87913329,1.65392153e-11
2.88220682,1.79566116e-11
2.88528035,1.96657032e-11
2.88835389,2.08196923e-11
2.89142742,2.14305563e-11
2.89450096,2.15734061e-11
2.89757449,2.13247107e-11
2.90064803,2.08356346e-11
2.90372156,2.08881342e-11
2.90679509,2.43501474e-11
2.90986863,3.97626239e-11
2.91294216,9.45533269e-11
2.9160157,4.91023195e-10
2.91908923,4.72970865e-10
2.92216277,2.96619084e-10
2.9252363,4.35580974e-10
2.92830984,8.70513145e-10
2.93138337,1.4111937e-10
2.9344569,6.79950747e-11
2.93753044,4.59904928e-11
2.94060397,3.77858849e-11
2.94367751,3.43936435e-11
2.94675104,3.28183143e-11
2.94982458,3.19512143e-11
2.95289811,3.13542852e-11
2.95597164,3.08487311e-11
2.95904518,3.03781975e-11
2.96211871,2.99901101e-11
2.96519225,2.99262159e-11
2.96826578,3.09900497e-11
2.97133932,3.55528239e-11
2.97441285,5.10832098e-11
2.97748638,1.08971125e-10
2.98055992,1.20040333e-09
2.98363345,2.14872883e-10
2.98670699,1.24454812e-10
2.98978052,9.97470913e-11
2.99285406,9.05648429e-11
2.99592759,8.87625364e-11
2.99900112,9.35342255e-11
3.00207466,1.09911474e-10
3.00514819,1.68646016e-10
3.00822173,1.34183179e-08
3.01129526,1.02795527e-10
3.0143688,4.71099069e-11
3.01744233,3.56010971e-11
3.02051587,3.31043029e-11
3.0235894,3.27256678e-11
3.02666293,3.27775847e-11
3.02973647,3.2835892e-11
