1.16410113,1.34064553e-13
1.16717466,1.44273372e-13
1.1702482,1.62484902e-13
1.17332173,1.81224536e-13
1.17639527,1.99492703e-13
1.1794688,2.17906006e-13
1.18254233,2.37726598e-13
1.18561587,2.61035452e-13
1.1886894,2.91793325e-13
1.19176294,3.39205285e-13
1.19483647,4.30717121e-13
1.19791001,6.89072406e-13
1.20098354,3.16927914e-12
1.20405707,1.25670337e-12
1.20713061,6.81788918e-13
1.21020414,6.05484581e-13
1.21327768,6.63795966e-13
1.21635121,8.80516211e-13
1.21942475,1.76957543e-12
1.22249828,4.25692947e-12
1.22557182,7.48044405e-13
1.22864535,3.52785161e-13
1.23171888,2.10850166e-13
1.23479242,1.48579666e-13
1.23786595,1.2404278e-13
1.24093949,1.19240741e-13
1.24401302,1.23957689e-13
1.24708656,1.33080748e-13
1.25016009,1.44800021e-13
1.25323362,1.59422415e-13
1.25630716,1.79653115e-13
1.25938069,2.14140389e-13
1.26245423,2.9625321e-13
1.26552776,6.74346372e-13
1.2686013,1.42529898e-12
1.27167483,4.27702282e-13
1.27474836,3.16071834e-13
1.2778219,2.9047622e-13
1.28089543,2.93770683e-13
1.28396897,3.17736034e-13
1.2870425,3.73121734e-13
1.29011604,5.17714295e-13
1.29318957,1.37850265e-12
1.2962631,8.05052675e-13
1.29933664,2.47276655e-13
1.30241017,1.55781825e-13
1.30548371,1.38380585e-13
1.30855724,1.39314375e-13
1.31163078,1.44358615e-13
1.31470431,1.49773921e-13
1.31777785,1.5452457e-13
1.32085138,1.58285556e-13
1.32392491,1.60942116e-13
1.32699845,1.6257266e-13
1.33007198,1.63888021e-13
1.33314552,1.67851127e-13
1.33621905,1.84541281e-13
1.33929259,2.40901324e-13
1.34236612,3.87632841e-13
1.34543965,6.92194912e-13
1.34851319,1.14337877e-12
1.35158672,1.35648421e-12
1.35466026,1.06680481e-12
1.35773379,6.86321518e-13
1.36080733,4.25717759e-13
1.36388086,2.68431382e-13
1.36695439,1.76784164e-13
1.37002793,1.29308167e-13
1.37310146,1.14011695e-13
1.376175,1.18947344e-13
1.37924853,1.33564783e-13
1.38232207,1.5255035e-13
1.3853956,1.74544092e-13
1.38846913,2.00425887e-13
1.39154267,2.33108213e-13
1.3946162,2.79264508e-13
1.39768974,3.56295115e-13
1.40076327,5.26741122e-13
1.40383681,1.29037577e-12
1.40691034,1.66538975e-12
1.40998387,4.96397157e-13
1.41305741,3.44465447e-13
1.41613094,3.3768178e-13
1.41920448,4.15651767e-13
1.42227801,6.83711313e-13
1.42535155,5.8719872e-12
1.42842508,6.31458894e-13
1.43149862,2.47567414e-13
1.43457215,1.33783829e-13
1.43764568,8.63726162e-14
1.44071922,6.97521911e-14
1.44379275,6.97051539e-14
1.44686629,7.68681023e-14
1.44993982,8.66002272e-14
1.45301336,9.73582785e-14
1.45608689,1.08970039e-13
1.45916042,1.21974367e-13
1.46223396,1.37657131e-13
1.46530749,1.58818903e-13
1.46838103,1.92616881e-13
1.47145456,2.63839473e-13
1.4745281,5.40409303e-13
1.47760163,1.29302336e-12
1.48067516,2.9470732e-13
1.4837487,2.10088006e-13
1.48682223,2.04893398e-13
1.48989577,2.30120508e-13
1.4929693,2.8960427e-13
1.49604284,4.42175953e-13
1.49911637,1.41682559e-12
1.5021899,7.276341e-13
1.50526344,2.3560962e-13
1.50833697,1.21311952e-13
1.51141051,7.45202755e-14
1.51448404,5.42243782e-14
1.51755758,4.79692557e-14
1.52063111,4.87947189e-14
1.52370465,5.24870436e-14
1.52677818,5.71444127e-14
1.52985171,6.21485339e-14
1.53292525,6.74988192e-14
1.53599878,7.36326163e-14
1.53907232,8.16596724e-14
1.54214585,9.4407876e-14
1.54521939,1.20599648e-13
1.54829292,1.99338065e-13
1.55136645,1.00627717e-12
1.55443999,3.79617024e-13
1.55751352,2.01478794e-13
1.56058706,1.65923044e-13
1.56366059,1.62752593e-13
1.56673413,1.82517765e-13
1.56980766,2.51438137e-13
1.57288119,7.0448922e-13
1.57595473,4.28253855e-13
1.57902826,1.48573768e-13
1.5821018,9.57912131e-14
1.58517533,7.84542023e-14
1.58824887,7.16047946e-14
1.5913224,6.84980515e-14
1.59439593,6.68467928e-14
1.59746947,6.57769706e-14
1.600543,6.49330726e-14
1.60361654,6.41880659e-14
1.60669007,6.35734425e-14
1.60976361,6.33747783e-14
1.61283714,6.4638336e-14
1.61591068,7.15805679e-14
1.61898421,1.07317933e-13
1.62205774,6.98564773e-13
1.62513128,2.00828624e-13
1.62820481,1.15940777e-13
1.63127835,9.35228225e-14
1.63435188,8.35153807e-14
1.63742542,7.80026113e-14
1.64049895,7.48145472e-14
1.64357248,7.33828747e-14
1.64664602,7.40161654e-14
1.64971955,7.82811678e-14
1.65279309,9.15837315e-14
1.65586662,1.41485331e-13
1.65894016,3.62319538e-12
1.66201369,1.11570453e-13
1.66508722,5.50825298e-14
1.66816076,3.87216005e-14
1.67123429,3.07516375e-14
1.67430783,2.54594804e-14
1.67738136,2.1316107e-14
1.6804549,1.79721635e-14
1.68352843,1.56185881e-14
1.68660196,1.47738762e-14
1.6896755,1.5877341e-14
1.69274903,1.88272543e-14
1.69582257,2.31697752e-14
1.6988961,2.85227818e-14
1.70196964,3.47008709e-14
1.70504317,4.17193338e-14
1.70811671,4.98876805e-14
1.71119024,6.0216156e-14
1.71426377,7.5960617e-14
1.71733731,1.10036039e-13
1.72041084,2.54075083e-13
1.72348438,7.14535397e-13
1.72655791,1.89332984e-13
1.72963145,1.32121709e-13
1.73270498,1.11131402e-13
1.73577851,9.83253447e-14
1.73885205,8.72218392e-14
1.74192558,7.5985705e-14
1.74499912,6.47358979e-14
1.74807265,5.51337314e-14
1.75114619,5.02063714e-14
1.75421972,5.24815926e-14
1.75729325,6.10693339e-14
1.76036679,7.28245734e-14
1.76344032,8.51160492e-14
1.76651386,9.64009452e-14
1.76958739,1.05886895e-13
1.77266093,1.1323095e-13
1.77573446,1.18366764e-13
1.77880799,1.21429405e-13
1.78188153,1.22790819e-13
1.78495506,1.23317872e-13
1.7880286,1.25236848e-13
1.79110213,1.34787338e-13
1.79417567,1.69953177e-13
1.7972492,2.87425157e-13
1.80032274,8.43605941e-13
1.80339627,2.09156276e-12
1.8064698,6.26594191e-13
1.80954334,4.25313849e-13
1.81261687,3.49053454e-13
1.81569041,3.13255756e-13
1.81876394,3.00097636e-13
1.82183748,3.10388816e-13
1.82491101,3.66680319e-13
1.82798454,5.87479971e-13
1.83105808,4.90648791e-12
1.83413161,7.12758987e-13
1.83720515,3.57618723e-13
1.84027868,2.54651569e-13
1.84335222,2.04651965e-13
1.84642575,1.72930347e-13
1.84949928,1.48929398e-13
1.85257282,1.28478599e-13
1.85564635,1.09732716e-13
1.85871989,9.21259849e-14
1.86179342,7.66490488e-14
1.86486696,6.76548255e-14
1.86794049,7.45192832e-14
1.87101402,1.05449913e-13
1.87408756,1.65807412e-13
1.87716109,2.74694566e-13
1.88023463,5.10239707e-13
1.88330816,1.46984549e-12
1.8863817,2.49065858e-12
1.88945523,6.9555682e-13
1.89252877,3.90688684e-13
1.8956023,2.66420608e-13
1.89867583,2.34944973e-13
1.90174937,2.97528047e-13
1.9048229,4.53040564e-13
1.90789644,7.27624082e-13
1.91096997,1.22158938e-12
1.91404351,2.20427383e-12
1.91711704,4.28021208e-12
1.92019057,6.75537475e-12
1.92326411,4.5348412e-12
1.92633764,1.92820759e-12
1.92941118,8.7238616e-13
1.93248471,4.84381736e-13
1.93555825,3.56247745e-13
1.93863178,3.21489761e-13
1.94170531,3.12613295e-13
1.94477885,3.08512995e-13
1.94785238,3.03815327e-13
1.95092592,2.97390624e-13
1.95399945,2.8910903e-13
1.95707299,2.79008818e-13
1.96014652,2.67155478e-13
1.96322005,2.53827301e-13
1.96629359,2.40229751e-13
1.96936712,2.30669658e-13
1.97244066,2.38195166e-13
1.97551419,2.9281257e-13
1.97858773,4.40031913e-13
1.98166126,7.29151713e-13
1.9847348,1.15170847e-12
1.98780833,1.39924849e-12
1.99088186,1.11784417e-12
1.9939554,6.73109185e-13
1.99702893,3.736659e-13
2.00010247,2.20084963e-13
2.003176,1.62874298e-13
2.00624954,1.55630201e-13
2.00932307,1.63443914e-13
2.0123966,1.72149376e-13
2.01547014,1.78207558e-13
2.01854367,1.81139309e-13
2.02161721,1.81121674e-13
2.02469074,1.78401178e-13
2.02776428,1.73319515e-13
2.03083781,1.67008162e-13
2.03391134,1.64518343e-13
2.03698488,1.88269776e-13
2.04005841,3.2869173e-13
2.04313195,1.24886679e-12
2.04620548,1.79115806e-12
2.04927902,7.57642458e-13
2.05235255,5.72221936e-13
2.05542608,5.09409111e-13
2.05849962,4.99890881e-13
2.06157315,5.49385442e-13
2.06464669,7.90448263e-13
2.06772022,2.03782023e-11
2.07079376,4.18851728e-13
2.07386729,2.32665634e-13
2.07694083,1.9975189e-13
2.08001436,1.89651015e-13
2.08308789,1.82986566e-13
2.08616143,1.75942544e-13
2.08923496,1.67554184e-13
2.0923085,1.57437305e-13
2.09538203,1.45303715e-13
2.09845557,1.30892865e-13
2.1015291,1.14174329e-13
2.10460263,9.63054737e-14
2.10767617,8.34090915e-14
2.1107497,9.45619804e-14
2.11382324,1.52899406e-13
2.11689677,2.78673831e-13
2.11997031,5.42596007e-13
2.12304384,1.29031756e-12
2.12611737,1.10318884e-11
2.12919091,2.91635772e-12
2.13226444,1.78068147e-12
2.13533798,1.94318215e-12
2.13841151,9.413424e-12
2.14148505,1.83582619e-12
2.14455858,9.0607823e-13
2.14763211,6.7821643e-13
2.15070565,5.81644292e-13
2.15377918,5.28350063e-13
2.15685272,4.93968673e-13
2.15992625,4.69422773e-13
2.16299979,4.50609764e-13
2.16607332,4.35597593e-13
2.16914686,4.24763744e-13
2.17222039,4.29669847e-13
2.17529392,5.98285148e-13
2.17836746,3.73560694e-12
2.18144099,8.10296259e-13
2.18451453,6.54120056e-13
2.18758806,6.24806705e-13
2.1906616,6.41936006e-13
2.19373513,7.05584854e-13
2.19680866,8.66716894e-13
2.1998822,1.44116083e-12
2.20295573,7.6000905e-12
2.20602927,5.96523661e-13
2.2091028,2.41780943e-13
2.21217634,1.74887765e-13
2.21524987,1.76991531e-13
2.2183234,1.90064196e-13
2.22139694,2.01901277e-13
2.22447047,2.10889592e-13
2.22754401,2.17286378e-13
2.23061754,2.21566737e-13
2.23369108,2.24160335e-13
2.23676461,2.25526871e-13
2.23983814,2.26559611e-13
2.24291168,2.30241525e-13
2.24598521,2.50285134e-13
2.24905875,3.74415781e-13
2.25213228,3.13004391e-12
2.25520582,7.51534559e-13
2.25827935,4.68403282e-13
2.26135289,3.94813982e-13
2.26442642,3.65768317e-13
2.26749995,3.55624799e-13
2.27057349,3.61655913e-13
2.27364702,4.04727695e-13
2.27672056,8.32247524e-13
2.27979409,3.21848805e-13
2.28286763,2.382918e-13
2.28594116,2.36883098e-13
2.28901469,2.35411463e-13
2.29208823,2.31166252e-13
2.29516176,2.23712332e-13
2.2982353,2.11926985e-13
2.30130883,1.9305252e-13
2.30438237,1.6013798e-13
2.3074559,9.22193244e-14
2.31052943,1.76052538e-13
2.31360297,2.16607226e-12
2.3166765,5.97330857e-13
2.31975004,4.57980375e-13
2.32282357,4.06210845e-13
2.32589711,3.79416318e-13
2.32897064,3.63218904e-13
2.33204417,3.52545629e-13
2.33511771,3.451672e-13
2.33819124,3.39972051e-13
2.34126478,3.36373213e-13
2.34433831,3.34075251e-13
2.34741185,3.32986537e-13
2.35048538,3.33216637e-13
2.35355892,3.35172065e-13
2.35663245,3.39874995e-13
2.35970598,3.50050241e-13
2.36277952,3.75182458e-13
2.36585305,4.82328044e-13
2.36892659,1.04750271e-13
2.37200012,2.07838771e-13
2.37507366,2.43345884e-13
2.37814719,2.55971413e-13
2.38122072,2.61048615e-13
2.38429426,2.62210241e-13
2.38736779,2.60399154e-13
2.39044133,2.55325326e-13
2.39351486,2.45337134e-13
2.3965884,2.25639244e-13
2.39966193,1.79761685e-13
2.40273546,1.23185575e-13
2.405809,8.23789071e-13
2.40888253,4.62606678e-13
2.41195607,4.02410325e-13
2.4150296,3.78849582e-13
2.41810314,3.67086961e-13
2.42117667,3.60674309e-13
2.4242502,3.57209904e-13
2.42732374,3.55609178e-13
2.43039727,3.55325712e-13
2.43347081,3.56075721e-13
2.43654434,3.57742605e-13
2.43961788,3.60415282e-13
2.44269141,3.64833007e-13
2.44576495,3.75932304e-13
2.44883848,4.71001387e-13
2.45191201,8.25011313e-13
2.45498555,4.61903177e-13
2.45805908,4.38276621e-13
2.46113262,4.40412258e-13
2.46420615,4.51770514e-13
2.46727969,4.73566454e-13
2.47035322,5.92707322e-13
2.47342675,1.02003402e-12
2.47650029,6.91176216e-13
2.47957382,7.29001755e-13
2.48264736,8.37711211e-13
2.48572089,1.04276561e-12
2.48879443,1.48022031e-12
2.49186796,2.89898627e-12
2.49494149,3.22427969e-11
2.49801503,2.23877687e-12
2.50108856,1.1229757e-12
2.5041621,7.4374686e-13
2.50723563,5.59755629e-13
2.51030917,4.55800166e-13
2.5133827,3.92254992e-13
2.51645623,3.51718653e-13
2.51952977,3.25320607e-13
2.5226033,3.08085936e-13
2.52567684,2.97051607e-13
2.52875037,2.90390933e-13
2.53182391,2.86964239e-13
2.53489744,2.86072601e-13
2.53797097,2.87318938e-13
2.54104451,2.9053176e-13
2.54411804,2.95729854e-13
2.54719158,3.03118077e-13
2.55026511,3.1311125e-13
2.55333865,3.26385934e-13
2.55641218,3.43951922e-13
2.55948572,3.67181327e-13
2.56255925,3.97461341e-13
2.56563278,4.33728453e-13
2.56870632,4.58060351e-13
2.57177985,3.53098102e-13
2.57485339,3.1594267e-13
2.57792692,9.35265275e-13
2.58100046,7.77630501e-13
2.58407399,5.77483866e-13
2.58714752,4.52071047e-13
2.59022106,3.75385531e-13
2.59329459,3.26501455e-13
2.59636813,2.93781396e-13
2.59944166,2.70728398e-13
2.6025152,2.53504627e-13
2.60558873,2.3964615e-13
2.60866226,2.27341922e-13
2.6117358,2.14916445e-13
2.61480933,2.0022997e-13
2.61788287,1.79559445e-13
2.6209564,1.46609588e-13
2.62402994,2.00899932e-13
2.62710347,1.26011765e-12
2.630177,4.57494656e-13
2.63325054,3.70025646e-13
2.63632407,3.39619384e-13
2.63939761,3.26837415e-13
2.64247114,3.22776367e-13
2.64554468,3.24836178e-13
2.64861821,3.3275026e-13
2.65169175,3.47865393e-13
2.65476528,3.73652706e-13
2.65783881,4.17807697e-13
2.66091235,4.98932961e-13
2.66398588,6.73325502e-13
2.66705942,1.22016895e-12
2.67013295,8.1816316e-11
2.67320649,1.11193989e-12
2.67628002,5.39773753e-13
2.67935355,3.58196544e-13
2.68242709,2.70264971e-13
2.68550062,2.17069307e-13
2.68857416,1.80735717e-13
2.69164769,1.62450854e-13
2.69472123,1.95243732e-13
2.69779476,3.73020381e-13
2.70086829,1.14068735e-12
2.70394183,6.49197286e-12
2.70701536,1.37391007e-12
2.7100889,9.82007111e-13
2.71316243,9.19597877e-13
2.71623597,1.09489765e-12
2.7193095,2.8745272e-12
2.72238303,9.1654102e-13
2.72545657,2.27752018e-13
2.7285301,1.5400603e-13
2.73160364,1.68808373e-13
2.73467717,1.85831948e-13
2.73775071,1.97473257e-13
2.74082424,2.04882453e-13
2.74389778,2.09354799e-13
2.74697131,2.11712333e-13
2.75004484,2.12410047e-13
2.75311838,2.11643739e-13
2.75619191,2.09401442e-13
2.75926545,2.05463752e-13
2.76233898,1.99353741e-13
2.76541252,1.90230221e-13
2.76848605,1.76752222e-13
2.77155958,1.572945e-13
2.77463312,1.3386525e-13
2.77770665,1.4263332e-13
2.78078019,3.08572075e-13
2.78385372,8.70892203e-13
2.78692726,2.85108695e-12
2.79000079,6.90996535e-12
2.79307432,3.62217993e-12
2.79614786,1.57056731e-12
2.79922139,8.70914939e-13
2.80229493,5.79773605e-13
2.80536846,4.38214703e-13
2.808442,3.61893049e-13
2.81151553,3.17499809e-13
2.81458906,2.90478926e-13
2.8176626,2.75888003e-13
2.82073613,2.82379105e-13
2.82380967,3.93837321e-13
2.8268832,3.49217594e-12
2.82995674,7.32908329e-13
2.83303027,4.64878671e-13
2.83610381,3.93531174e-13
2.83917734,3.63540572e-13
2.84225087,3.49104042e-13
2.84532441,3.42738214e-13
2.84839794,3.41860811e-13
2.85147148,3.45882577e-13
2.85454501,3.55596726e-13
2.85761855,3.73647233e-13
2.86069208,4.06745551e-13
2.86376561,4.74356489e-13
2.86683915,6.59822716e-13
2.86991268,2.40479388e-12
2.87298622,5.28831554e-13
2.87605975,1.58224989e-13
2.87913329,1.15523359e-13
2.88220682,1.24899667e-13
2.88528035,1.36211259e-13
2.88835389,1.43591541e-13
2.89142742,1.47171305e-13
2.89450096,1.47512019e-13
2.89757449,1.45175854e-13
2.90064803,1.41468771e-13
2.90372156,1.41484051e-13
2.90679509,1.64535024e-13
2.90986863,2.6802519e-13
2.91294216,6.35793441e-13
2.9160157,3.29362899e-12
2.91908923,3.16471956e-12
2.92216277,1.9798067e-12
2.9252363,2.90008074e-12
2.92830984,5.78134099e-12
2.93138337,9.34859763e-13
2.9344569,4.49301993e-13
2.93753044,3.03126857e-13
2.94060397,2.48413827e-13
2.94367751,2.25532152e-13
2.94675104,2.14647035e-13
2.94982458,2.08433977e-13
2.95289811,2.04006822e-13
2.95597164,2.00191568e-13
2.95904518,1.96618854e-13
2.96211871,1.9359308e-13
2.96519225,1.92666427e-13
2.96826578,1.98787391e-13
2.97133932,2.27111092e-13
2.97441285,3.24956344e-13
2.97748638,6.90280389e-13
2.98055992,7.57169219e-12
2.98363345,1.34953191e-12
2.98670699,7.78274652e-13
2.98978052,6.21047269e-13
2.99285406,5.61397613e-13
2.99592759,5.47784984e-13
2.99900112,5.74649659e-13
3.00207466,6.72218068e-13
3.00514819,1.02673846e-12
3.00822173,8.13167727e-11
3.01129526,6.20063212e-13
3.0143688,2.82836014e-13
3.01744233,2.12729259e-13
3.02051587,1.96865662e-13
3.0235894,1.93675925e-13
3.02666293,1.93039058e-13
3.02973647,1.92432003e-13
