1.16410113,1.26101017e-13
1.16717466,1.35519295e-13
1.1702482,1.52419273e-13
1.17332173,1.69768606e-13
1.17639527,1.86630445e-13
1.1794688,2.0358292e-13
1.18254233,2.2180337e-13
1.18561587,2.43225799e-13
1.1886894,2.71523126e-13
1.19176294,3.15222308e-13
1.19483647,3.99733793e-13
1.19791001,6.38659687e-13
1.20098354,2.93354373e-12
1.20405707,1.16169947e-12
1.20713061,6.2942122e-13
1.21020414,5.58247072e-13
1.21327768,6.11211308e-13
1.21635121,8.09709076e-13
1.21942475,1.62516357e-12
1.22249828,3.90447152e-12
1.22557182,6.85223804e-13
1.22864535,3.22742437e-13
1.23171888,1.92646823e-13
1.23479242,1.35578508e-13
1.23786595,1.13044114e-13
1.24093949,1.08529433e-13
1.24401302,1.12679304e-13
1.24708656,1.2081897e-13
1.25016009,1.31292262e-13
1.25323362,1.44368313e-13
1.25630716,1.62484008e-13
1.25938069,1.93432393e-13
1.26245423,2.67269741e-13
1.26552776,6.07613235e-13
1.2686013,1.28265246e-12
1.27167483,3.84418924e-13
1.27474836,2.83733421e-13
1.2778219,2.60434264e-13
1.28089543,2.63063234e-13
1.28396897,2.84173552e-13
1.2870425,3.33299397e-13
1.29011604,4.61893914e-13
1.29318957,1.22836968e-12
1.2962631,7.16500466e-13
1.29933664,2.19809915e-13
1.30241017,1.383102e-13
1.30548371,1.22712025e-13
1.30855724,1.23391061e-13
1.31163078,1.27704895e-13
1.31470431,1.32336414e-13
1.31777785,1.36370452e-13
1.32085138,1.3952269e-13
1.32392491,1.41695259e-13
1.32699845,1.42960617e-13
1.33007198,1.43946341e-13
1.33314552,1.47252752e-13
1.33621905,1.61703582e-13
1.33929259,2.10840219e-13
1.34236612,3.3886304e-13
1.34543965,6.04397422e-13
1.34851319,9.9718579e-13
1.35158672,1.18166301e-12
1.35466026,9.28235104e-13
1.35773379,5.96480071e-13
1.36080733,3.69561363e-13
1.36388086,2.32753229e-13
1.36695439,1.53110361e-13
1.37002793,1.11863171e-13
1.37310146,9.85171115e-14
1.376175,1.02664255e-13
1.37924853,1.15148915e-13
1.38232207,1.31366796e-13
1.3853956,1.50135431e-13
1.38846913,1.7220217e-13
1.39154267,2.00055392e-13
1.3946162,2.39396295e-13
1.39768974,3.05085558e-13
1.40076327,4.50526365e-13
1.40383681,1.10243118e-12
1.40691034,1.42123067e-12
1.40998387,4.23148158e-13
1.41305741,2.93308331e-13
1.41613094,2.87212282e-13
1.41920448,3.53136598e-13
1.42227801,5.80235974e-13
1.42535155,4.97779304e-12
1.42842508,5.34709292e-13
1.43149862,2.09405504e-13
1.43457215,1.13037163e-13
1.43764568,7.28983607e-14
1.44071922,5.88064068e-14
1.44379275,5.87026649e-14
1.44686629,6.46645495e-14
1.44993982,7.27725051e-14
1.45301336,8.17241476e-14
1.45608689,9.13723636e-14
1.45916042,1.0216628e-13
1.46223396,1.15178118e-13
1.46530749,1.32741501e-13
1.46838103,1.60817441e-13
1.47145456,2.20046182e-13
1.4745281,4.50228665e-13
1.47760163,1.07610325e-12
1.48067516,2.45006002e-13
1.4837487,1.74472213e-13
1.48682223,1.69978175e-13
1.48989577,1.90704824e-13
1.4929693,2.39747143e-13
1.49604284,3.65667773e-13
1.49911637,1.17044768e-12
1.5021899,6.00473245e-13
1.50526344,1.94231467e-13
1.50833697,9.99026631e-14
1.51141051,6.13049823e-14
1.51448404,4.45620011e-14
1.51755758,3.93806431e-14
1.52063111,4.00168867e-14
1.52370465,4.30005656e-14
1.52677818,4.67679501e-14
1.52985171,5.08111323e-14
1.53292525,5.51287953e-14
1.53599878,6.00769412e-14
1.53907232,6.65581706e-14
1.54214585,7.68703818e-14
1.54521939,9.80967961e-14
1.54829292,1.61978692e-13
1.55136645,8.16855115e-13
1.55443999,3.07846163e-13
1.55751352,1.63222094e-13
1.56058706,1.34282289e-13
1.56366059,1.31584049e-13
1.56673413,1.47416011e-13
1.56980766,2.02878355e-13
1.57288119,5.67864656e-13
1.57595473,3.44856611e-13
1.57902826,1.19521783e-13
1.5821018,7.69837583e-14
1.58517533,6.29881732e-14
1.58824887,5.74321564e-14
1.5913224,5.48860914e-14
1.59439593,5.35102001e-14
1.59746947,5.26020443e-14
1.600543,5.18762175e-14
1.60361654,5.12307918e-14
1.60669007,5.06906393e-14
1.60976361,5.04829336e-14
1.61283714,5.14393196e-14
1.61591068,5.69086034e-14
1.61898421,8.5238078e-14
1.62205774,5.54303224e-13
1.62513128,1.59201269e-13
1.62820481,9.1820175e-14
1.63127835,7.39948207e-14
1.63435188,6.60135049e-14
1.63742542,6.15969032e-14
1.64049895,5.90228256e-14
1.64357248,5.78380535e-14
1.64664602,5.82815809e-14
1.64971955,6.15812671e-14
1.65279309,7.19775447e-14
1.65586662,1.11090842e-13
1.65894016,2.8421535e-12
1.66201369,8.74368854e-14
1.66508722,4.31270589e-14
1.66816076,3.02886918e-14
1.67123429,2.40318654e-14
1.67430783,1.98774906e-14
1.67738136,1.66269833e-14
1.6804549,1.40055522e-14
1.68352843,1.21600878e-14
1.68660196,1.14917247e-14
1.6896755,1.23385776e-14
1.69274903,1.46174504e-14
1.69582257,1.79723357e-14
1.6988961,2.21041279e-14
1.70196964,2.68671391e-14
1.70504317,3.22714661e-14
1.70811671,3.85545517e-14
1.71119024,4.64940225e-14
1.71426377,5.85969557e-14
1.71733731,8.48056372e-14
1.72041084,1.95639154e-13
1.72348438,5.4969539e-13
1.72655791,1.45522448e-13
1.72963145,1.01457458e-13
1.73270498,8.52615816e-14
1.73577851,7.53684482e-14
1.73885205,6.67970912e-14
1.74192558,5.81397456e-14
1.74499912,4.94875586e-14
1.74807265,4.21093524e-14
1.75114619,3.83116655e-14
1.75421972,4.00120608e-14
1.75729325,4.65178365e-14
1.76036679,5.54226611e-14
1.76344032,6.47194281e-14
1.76651386,7.32350496e-14
1.76958739,8.0370202e-14
1.77266093,8.58684921e-14
1.77573446,8.96840012e-14
1.77880799,9.19234384e-14
1.78188153,9.28722904e-14
1.78495506,9.31890365e-14
1.7880286,9.45562269e-14
1.79110213,1.01677995e-13
1.79417567,1.28093681e-13
1.7972492,2.16443423e-13
1.80032274,6.34718425e-13
1.80339627,1.57229811e-12
1.8064698,4.70623413e-13
1.80954334,3.19168861e-13
1.81261687,2.6171427e-13
1.81569041,2.3467112e-13
1.81876394,2.24620263e-13
1.82183748,2.32123352e-13
1.82491101,2.73985402e-13
1.82798454,4.38591876e-13
1.83105808,3.65987779e-12
1.83413161,5.31211562e-13
1.83720515,2.66302145e-13
1.84027868,1.89465876e-13
1.84335222,1.52135801e-13
1.84642575,1.28445296e-13
1.84949928,1.10524748e-13
1.85257282,9.52670298e-14
1.85564635,8.1298272e-14
1.85871989,6.81963763e-14
1.86179342,5.66918344e-14
1.86486696,4.99974343e-14
1.86794049,5.50241599e-14
1.87101402,7.77978149e-14
1.87408756,1.2222559e-13
1.87716109,2.02323303e-13
1.88023463,3.75498605e-13
1.88330816,1.08079817e-12
1.8863817,1.82989662e-12
1.88945523,5.10604934e-13
1.89252877,2.86565471e-13
1.8956023,1.95254957e-13
1.89867583,1.72045069e-13
1.90174937,2.17693967e-13
1.9048229,3.31206284e-13
1.90789644,5.31510839e-13
1.91096997,8.9160907e-13
1.91404351,1.60753161e-12
1.91711704,3.11892258e-12
1.92019057,4.91852246e-12
1.92326411,3.29908709e-12
1.92633764,1.40162729e-12
1.92941118,6.33629157e-13
1.93248471,3.51529963e-13
1.93555825,2.58330381e-13
1.93863178,2.32937732e-13
1.94170531,2.26323706e-13
1.94477885,2.23175507e-13
1.94785238,2.19600728e-13
1.95092592,2.14784511e-13
1.95399945,2.08636116e-13
1.95707299,2.01186329e-13
1.96014652,1.92485437e-13
1.96322005,1.82736767e-13
1.96629359,1.72809955e-13
1.96936712,1.65801078e-13
1.97244066,1.710745e-13
1.97551419,2.10134837e-13
1.97858773,3.15536107e-13
1.98166126,5.22444161e-13
1.9847348,8.24559828e-13
1.98780833,1.00099666e-12
1.99088186,7.99056987e-13
1.9939554,4.80774305e-13
1.99702893,2.66685237e-13
2.00010247,1.56951759e-13
2.003176,1.16061777e-13
2.00624954,1.10813305e-13
2.00932307,1.16286333e-13
2.0123966,1.22384888e-13
2.01547014,1.265935e-13
2.01854367,1.2857646e-13
2.02161721,1.28464512e-13
2.02469074,1.2643723e-13
2.02776428,1.22741025e-13
2.03083781,1.18180417e-13
2.03391134,1.16329056e-13
2.03698488,1.33021259e-13
2.04005841,2.32057871e-13
2.04313195,8.81031085e-13
2.04620548,1.26263296e-12
2.04927902,5.33674093e-13
2.05235255,4.0275916e-13
2.05542608,3.58275611e-13
2.05849962,3.51314331e-13
2.06157315,3.85805499e-13
2.06464669,5.54671472e-13
2.06772022,1.42889349e-11
2.07079376,2.93471822e-13
2.07386729,1.62896194e-13
2.07694083,1.39747063e-13
2.08001436,1.32580774e-13
2.08308789,1.27825842e-13
2.08616143,1.22813154e-13
2.08923496,1.1687035e-13
2.0923085,1.09731736e-13
2.09538203,1.01199261e-13
2.09845557,9.10946982e-14
2.1015291,7.94003799e-14
2.10460263,6.69241014e-14
2.10767617,5.79192474e-14
2.1107497,6.56152061e-14
2.11382324,1.06016297e-13
2.11689677,1.93082267e-13
2.11997031,3.75666646e-13
2.12304384,8.92694717e-13
2.12611737,7.62670591e-12
2.12919091,2.01469443e-12
2.13226444,1.22923906e-12
2.13533798,1.34043515e-12
2.13841151,6.48877277e-12
2.14148505,1.26453141e-12
2.14455858,6.23659191e-13
2.14763211,4.66481014e-13
2.15070565,3.99767634e-13
2.15377918,3.62874854e-13
2.15685272,3.3901579e-13
2.15992625,3.21936736e-13
2.16299979,3.0881138e-13
2.16607332,2.98308027e-13
2.16914686,2.90679315e-13
2.17222039,2.93825332e-13
2.17529392,4.08837476e-13
2.17836746,2.55089285e-12
2.18144099,5.52922024e-13
2.18451453,4.46032986e-13
2.18758806,4.25740625e-13
2.1906616,4.37100688e-13
2.19373513,4.8009788e-13
2.19680866,5.89317073e-13
2.1998822,9.79210076e-13
2.20295573,5.1602921e-12
2.20602927,4.04739631e-13
2.2091028,1.63931757e-13
2.21217634,1.18493317e-13
2.21524987,1.19834192e-13
2.2183234,1.28594633e-13
2.22139694,1.36507431e-13
2.22447047,1.4248446e-13
2.22754401,1.46703477e-13
2.23061754,1.49488727e-13
2.23369108,1.51132913e-13
2.23676461,1.51948147e-13
2.23983814,1.52537581e-13
2.24291168,1.54908657e-13
2.24598521,1.68277164e-13
2.24905875,2.51560695e-13
2.25213228,2.10154164e-12
2.25520582,5.04238349e-13
2.25827935,3.14055647e-13
2.26135289,2.64532708e-13
2.26442642,2.44902674e-13
2.26749995,2.37947137e-13
2.27057349,2.4181622e-13
2.27364702,2.70429836e-13
2.27672056,5.55707714e-13
2.27979409,2.14757557e-13
2.28286763,1.58894439e-13
2.28594116,1.57847289e-13
2.28901469,1.56759733e-13
2.29208823,1.53828073e-13
2.29516176,1.48766709e-13
2.2982353,1.40833883e-13
2.30130883,1.28204076e-13
2.30438237,1.06273887e-13
2.3074559,6.11590055e-14
2.31052943,1.16677584e-13
2.31360297,1.43458118e-12
2.3166765,3.95343484e-13
2.31975004,3.02910512e-13
2.32282357,2.68489449e-13
2.32589711,2.50611121e-13
2.32897064,2.39751754e-13
2.33204417,2.32550935e-13
2.33511771,2.27531782e-13
2.33819124,2.23957672e-13
2.34126478,2.21439299e-13
2.34433831,2.19780193e-13
2.34741185,2.18918397e-13
2.35048538,2.18924305e-13
2.35355892,2.20063097e-13
2.35663245,2.23003204e-13
2.35970598,2.29527714e-13
2.36277952,2.45844512e-13
2.36585305,3.15845088e-13
2.36892659,6.85489438e-14
2.37200012,1.35920997e-13
2.37507366,1.59037207e-13
2.37814719,1.67178846e-13
2.38122072,1.70383191e-13
2.38429426,1.71029439e-13
2.38736779,1.69737199e-13
2.39044133,1.66321338e-13
2.39351486,1.5971082e-13
2.3965884,1.4679222e-13
2.39966193,1.16870055e-13
2.40273546,8.00357562e-14
2.405809,5.34882849e-13
2.40888253,3.00174196e-13
2.41195607,2.60945463e-13
2.4150296,2.45508756e-13
2.41810314,2.3773276e-13
2.42117667,2.33429394e-13
2.4242502,2.31038549e-13
2.42732374,2.29855499e-13
2.43039727,2.29524954e-13
2.43347081,2.29862079e-13
2.43654434,2.30790371e-13
2.43961788,2.32366023e-13
2.44269141,2.35064102e-13
2.44576495,2.42061071e-13
2.44883848,3.03082567e-13
2.45191201,5.30545327e-13
2.45498555,2.96850448e-13
2.45805908,2.81487805e-13
2.46113262,2.82680302e-13
2.46420615,2.89787233e-13
2.46727969,3.03576298e-13
2.47035322,3.7971096e-13
2.47342675,6.53061003e-13
2.47650029,4.42236396e-13
2.47957382,4.66145199e-13
2.48264736,5.35320971e-13
2.48572089,6.65938708e-13
2.48879443,9.44717345e-13
2.49186796,1.84905573e-12
2.49494149,2.05525257e-11
2.49801503,1.42617327e-12
2.50108856,7.14926127e-13
2.5041621,4.73200961e-13
2.50723563,3.55917172e-13
2.51030917,2.89637832e-13
2.5133827,2.49103574e-13
2.51645623,2.23222457e-13
2.51952977,2.06340934e-13
2.5226033,1.95288811e-13
2.52567684,1.88178236e-13
2.52875037,1.83845443e-13
2.53182391,1.81564215e-13
2.53489744,1.80888822e-13
2.53797097,1.81565376e-13
2.54104451,1.83483087e-13
2.54411804,1.86651534e-13
2.54719158,1.9119764e-13
2.55026511,1.9738038e-13
2.55333865,2.05622998e-13
2.55641218,2.16557515e-13
2.55948572,2.31042405e-13
2.56255925,2.49943538e-13
2.56563278,2.72584505e-13
2.56870632,2.87701751e-13
2.57177985,2.21641999e-13
2.57485339,1.98199315e-13
2.57792692,5.8636249e-13
2.58100046,4.87239492e-13
2.58407399,3.61615627e-13
2.58714752,2.82912726e-13
2.59022106,2.34780536e-13
2.59329459,2.0408391e-13
2.59636813,1.83521661e-13
2.59944166,1.69019403e-13
2.6025152,1.58171657e-13
2.60558873,1.49435424e-13
2.60866226,1.4167828e-13
2.6117358,1.33854923e-13
2.61480933,1.24633572e-13
2.61788287,1.11700671e-13
2.6209564,9.11489723e-14
2.62402994,1.24827817e-13
2.62710347,7.82501477e-13
2.630177,2.83924514e-13
2.63325054,2.29504808e-13
2.63632407,2.10521198e-13
2.63939761,2.02478462e-13
2.64247114,1.99844777e-13
2.64554468,2.01001719e-13
2.64861821,2.05777739e-13
2.65169175,2.14998842e-13
2.65476528,2.30801291e-13
2.65783881,2.57924171e-13
2.66091235,3.07824801e-13
2.66398588,4.1517632e-13
2.66705942,7.5192388e-13
2.67013295,5.03895549e-11
2.67320649,6.84429784e-13
2.67628002,3.3205241e-13
2.67935355,2.20223592e-13
2.68242709,1.66065753e-13
2.68550062,1.33302072e-13
2.68857416,1.10925379e-13
2.69164769,9.96454971e-14
2.69472123,1.19691088e-13
2.69779476,2.28542304e-13
2.70086829,6.98474058e-13
2.70394183,3.97292396e-12
2.70701536,8.40314881e-13
2.7100889,6.00273065e-13
2.71316243,5.61801569e-13
2.71623597,6.68512542e-13
2.7193095,1.75409776e-12
2.72238303,5.58973085e-13
2.72545657,1.38820347e-13
2.7285301,9.38168407e-14
2.73160364,1.02775484e-13
2.73467717,1.13075541e-13
2.73775071,1.20090767e-13
2.74082424,1.24525818e-13
2.74389778,1.27171898e-13
2.74697131,1.2853111e-13
2.75004484,1.28881715e-13
2.75311838,1.28344158e-13
2.75619191,1.26912691e-13
2.75926545,1.24455926e-13
2.76233898,1.20686868e-13
2.76541252,1.15098767e-13
2.76848605,1.06883791e-13
2.77155958,9.50641104e-14
2.77463312,8.08587942e-14
2.77770665,8.61067164e-14
2.78078019,1.86178514e-13
2.78385372,5.25163476e-13
2.78692726,1.71829616e-12
2.79000079,4.16218273e-12
2.79307432,2.1805863e-12
2.79614786,9.44970102e-13
2.79922139,5.23715923e-13
2.80229493,3.48447433e-13
2.80536846,2.63223606e-13
2.808442,2.17258841e-13
2.81151553,1.90502324e-13
2.81458906,1.74193241e-13
2.8176626,1.6535206e-13
2.82073613,1.69149119e-13
2.82380967,2.35784203e-13
2.8268832,2.08956011e-12
2.82995674,4.38298103e-13
2.83303027,2.77856779e-13
2.83610381,2.35083539e-13
2.83917734,2.17049071e-13
2.84225087,2.0831577e-13
2.84532441,2.04405363e-13
2.84839794,2.03770739e-13
2.85147148,2.06055491e-13
2.85454501,2.11727136e-13
2.85761855,2.22353546e-13
2.86069208,2.41918388e-13
2.86376561,2.8197782e-13
2.86683915,3.92014071e-13
2.86991268,1.42796248e-12
2.87298622,3.13849254e-13
2.87605975,9.38520729e-14
2.87913329,6.84863328e-14
2.88220682,7.40049805e-14
2.88528035,8.06637653e-14
2.88835389,8.4988548e-14
2.89142742,8.70604711e-14
2.89450096,8.72151333e-14
2.89757449,8.57878242e-14
2.90064803,8.35523978e-14
2.90372156,8.35166651e-14
2.90679509,9.70714657e-14
2.90986863,1.58043508e-13
2.91294216,3.74701264e-13
2.9160157,1.94004635e-12
2.91908923,1.86312169e-12
2.92216277,1.16492399e-12
2.9252363,1.70550871e-12
2.92830984,3.39814367e-12
2.93138337,5.49198273e-13
2.9344569,2.63809742e-13
2.93753044,1.77888114e-13
2.94060397,1.45703021e-13
2.94367751,1.32212273e-13
2.94675104,1.25764759e-13
2.94982458,1.22060062e-13
2.95289811,1.19404585e-13
2.95597164,1.17109892e-13
2.95904518,1.14959452e-13
2.96211871,1.13130919e-13
2.96519225,1.12530367e-13
2.96826578,1.16044608e-13
2.97133932,1.32509543e-13
2.97441285,1.89498925e-13
2.97748638,4.0232815e-13
2.98055992,4.41083922e-12
2.98363345,7.85751218e-13
2.98670699,4.52906606e-13
2.98978052,3.61222276e-13
2.99285406,3.26358376e-13
2.99592759,3.18279666e-13
2.99900112,3.33715766e-13
3.00207466,3.90174415e-13
3.00514819,5.95639794e-13
3.00822173,4.71497625e-11
3.01129526,3.59344559e-13
3.0143688,1.63827114e-13
3.01744233,1.23155693e-13
3.02051587,1.13913098e-13
3.0235894,1.12009791e-13
3.02666293,1.11584127e-13
3.02973647,1.11176153e-13
