1.13029225,809750208000000.0
1.13336579,839542214000000.0
1.13643932,913460703000000.0
1.13951285,982649831000000.0
1.14258639,1038415450000000.0
1.14565992,1092447440000000.0
1.14873346,1149065230000000.0
1.15180699,1196302150000000.0
1.15488053,1274749280000000.0
1.15795406,1418048920000000.0
1.16102759,1705708890000000.0
1.16410113,2599370540000000.0
1.16717466,1.14282131e+16
1.1702482,4334864190000000.0
1.17332173,2258286050000000.0
1.17639527,1934339450000000.0
1.1794688,2051232910000000.0
1.18254233,2636101830000000.0
1.18561587,5137345930000000.0
1.1886894,1.20073814e+16
1.19176294,2036077840000000.0
1.19483647,926055742000000.0
1.19791001,534239152000000.0
1.20098354,363857075000000.0
1.20405707,293466081000000.0
1.20713061,272958407000000.0
1.21020414,274207882000000.0
1.21327768,285131088000000.0
1.21635121,301250596000000.0
1.21942475,322762772000000.0
1.22249828,355095471000000.0
1.22557182,413669742000000.0
1.22864535,559868323000000.0
1.23171888,1243241060000000.0
1.23479242,2574339080000000.0
1.23786595,760073999000000.0
1.24093949,546919692000000.0
1.24401302,493488550000000.0
1.24708656,490645644000000.0
1.25016009,521414213000000.0
1.25323362,601610596000000.0
1.25630716,820420852000000.0
1.25938069,2149542590000000.0
1.26245423,1237649660000000.0
1.26552776,374807476000000.0
1.2686013,232315755000000.0
1.27167483,202932191000000.0
1.27474836,201087974000000.0
1.2778219,205377813000000.0
1.28089543,210253104000000.0
1.28396897,214143912000000.0
1.2870425,216320814000000.0
1.29011604,216890130000000.0
1.29318957,216692557000000.0
1.2962631,215698354000000.0
1.29933664,218224613000000.0
1.30241017,237216265000000.0
1.30548371,306114329000000.0
1.30855724,487073093000000.0
1.31163078,860478989000000.0
1.31470431,1407060540000000.0
1.31777785,1654099600000000.0
1.32085138,1289282590000000.0
1.32392491,821026367000000.0
1.32699845,503855486000000.0
1.33007198,314476612000000.0
1.33314552,205181947000000.0
1.33621905,148813249000000.0
1.33929259,130155804000000.0
1.34236612,134852502000000.0
1.34543965,150101419000000.0
1.34851319,169924797000000.0
1.35158672,192890464000000.0
1.35466026,219736434000000.0
1.35773379,253588408000000.0
1.36080733,301871619000000.0
1.36388086,382790141000000.0
1.36695439,562913067000000.0
1.37002793,1371791060000000.0
1.37310146,1761746430000000.0
1.376175,522591171000000.0
1.37924853,360731164000000.0
1.38232207,351699029000000.0
1.3853956,431201705000000.0
1.38846913,706673074000000.0
1.39154267,6045604720000000.0
1.3946162,647124281000000.0
1.39768974,252558698000000.0
1.40076327,135944919000000.0
1.40383681,87427224900000.0
1.40691034,70231056800000.0
1.40998387,69818395100000.0
1.41305741,76697929800000.0
1.41613094,86102721000000.0
1.41920448,96524928400000.0
1.42227801,107734471000000.0
1.42535155,120241902000000.0
1.42842508,135304443000000.0
1.43149862,155651917000000.0
1.43457215,188167944000000.0
1.43764568,256899136000000.0
1.44071922,524598718000000.0
1.44379275,1252494930000000.0
1.44686629,284861450000000.0
1.44993982,202639923000000.0
1.45301336,197212377000000.0
1.45608689,221022272000000.0
1.45916042,277567103000000.0
1.46223396,422910202000000.0
1.46530749,1352281280000000.0
1.46838103,693450420000000.0
1.47145456,224229817000000.0
1.4745281,115293832000000.0
1.47760163,70726666700000.0
1.48067516,51400696100000.0
1.4837487,45426711000000.0
1.48682223,46163382100000.0
1.48989577,49608484600000.0
1.4929693,53958419200000.0
1.49604284,58627374300000.0
1.49911637,63624152200000.0
1.5021899,69353657500000.0
1.50526344,76856728800000.0
1.50833697,88789052600000.0
1.51141051,113338108000000.0
1.51448404,187200157000000.0
1.51755758,944382860000000.0
1.52063111,356034584000000.0
1.52370465,188839740000000.0
1.52677818,155413882000000.0
1.52985171,152346174000000.0
1.53292525,170738238000000.0
1.53599878,235060840000000.0
1.53907232,658365045000000.0
1.54214585,400214794000000.0
1.54521939,138846022000000.0
1.54829292,89519248300000.0
1.55136645,73317292100000.0
1.55443999,66916275900000.0
1.55751352,64016456300000.0
1.56058706,62480556200000.0
1.56366059,61487791000000.0
1.56673413,60705983700000.0
1.56980766,60016432200000.0
1.57288119,59448618400000.0
1.57595473,59270386500000.0
1.57902826,60461044100000.0
1.5821018,66964488000000.0
1.58517533,100411955000000.0
1.58824887,653707224000000.0
1.5913224,187960015000000.0
1.59439593,108529158000000.0
1.59746947,87569730100000.0
1.600543,78221950100000.0
1.60361654,73079686000000.0
1.60669007,70112997300000.0
1.60976361,68791019700000.0
1.61283714,69404519000000.0
1.61591068,73437984900000.0
1.61898421,85963770500000.0
1.62205774,132874476000000.0
1.62513128,3404507560000000.0
1.62820481,104892277000000.0
1.63127835,51813071200000.0
1.63435188,36442001900000.0
1.63742542,28953400400000.0
1.64049895,23980748500000.0
1.64357248,20086415100000.0
1.64664602,16942430700000.0
1.64971955,14729819400000.0
1.65279309,13938944100000.0
1.65586662,14987273500000.0
1.65894016,17782083300000.0
1.66201369,21896143100000.0
1.66508722,26970388200000.0
1.66816076,32831035000000.0
1.67123429,39493881100000.0
1.67430783,47253434800000.0
1.67738136,57071354600000.0
1.6804549,72040196600000.0
1.68352843,104424389000000.0
1.68660196,241273153000000.0
1.6896755,678968991000000.0
1.69274903,180024280000000.0
1.69582257,125706272000000.0
1.6988961,105805370000000.0
1.70196964,93678024800000.0
1.70504317,83156872600000.0
1.70811671,72494456300000.0
1.71119024,61804116700000.0
1.71426377,52673027300000.0
1.71733731,47998507500000.0
1.72041084,50208808900000.0
1.72348438,58469693200000.0
1.72655791,69778177600000.0
1.72963145,81618103000000.0
1.73270498,92510073300000.0
1.73577851,101690872000000.0
1.73885205,108826901000000.0
1.74192558,113849617000000.0
1.74499912,116889001000000.0
1.74807265,118295989000000.0
1.75114619,118900539000000.0
1.75421972,120848966000000.0
1.75729325,130170405000000.0
1.76036679,164264658000000.0
1.76344032,278029355000000.0
1.76651386,816688149000000.0
1.76958739,2026485030000000.0
1.77266093,607594857000000.0
1.77573446,412754505000000.0
1.77880799,339022218000000.0
1.78188153,304500885000000.0
1.78495506,291947465000000.0
1.7880286,302203988000000.0
1.79110213,357307835000000.0
1.79417567,572990339000000.0
1.7972492,4789868940000000.0
1.80032274,696455912000000.0
1.80339627,349758740000000.0
1.8064698,249282308000000.0
1.80954334,200519756000000.0
1.81261687,169593025000000.0
1.81569041,146190379000000.0
1.81876394,126247689000000.0
1.82183748,107940015000000.0
1.82491101,90715521800000.0
1.82798454,75554226500000.0
1.83105808,66757909600000.0
1.83413161,73607827400000.0
1.83720515,104268316000000.0
1.84027868,164119547000000.0
1.84335222,272191446000000.0
1.84642575,506139998000000.0
1.84949928,1459619140000000.0
1.85257282,2476013320000000.0
1.85564635,692216210000000.0
1.85871989,389233146000000.0
1.86179342,265715014000000.0
1.86486696,234575795000000.0
1.86794049,297384073000000.0
1.87101402,453314078000000.0
1.87408756,728854738000000.0
1.87716109,1224984080000000.0
1.88023463,2212796590000000.0
1.88330816,4301416270000000.0
1.8863817,6796187490000000.0
1.88945523,4567201500000000.0
1.89252877,1944083460000000.0
1.8956023,880526449000000.0
1.89867583,489433189000000.0
1.90174937,360353957000000.0
1.9048229,325548224000000.0
1.90789644,316902851000000.0
1.91096997,313084943000000.0
1.91404351,308655311000000.0
1.91711704,302463532000000.0
1.92019057,294366644000000.0
1.92326411,284397380000000.0
1.92633764,272616409000000.0
1.92941118,259302090000000.0
1.93248471,245682253000000.0
1.93555825,236165420000000.0
1.93863178,244138942000000.0
1.94170531,300444478000000.0
1.94477885,451989774000000.0
1.94785238,749776443000000.0
1.95092592,1185565200000000.0
1.95399945,1441936890000000.0
1.95707299,1153189640000000.0
1.96014652,695140484000000.0
1.96322005,386311531000000.0
1.96629359,227779455000000.0
1.96936712,168753545000000.0
1.97244066,161424686000000.0
1.97551419,169714953000000.0
1.97858773,178949979000000.0
1.98166126,185449953000000.0
1.9847348,188706686000000.0
1.98780833,188894165000000.0
1.99088186,186259720000000.0
1.9939554,181152186000000.0
1.99702893,174747706000000.0
2.00010247,172331777000000.0
2.003176,197427879000000.0
2.00624954,345058770000000.0
2.00932307,1312491240000000.0
2.0123966,1884472470000000.0
2.01547014,797986178000000.0
2.01854367,603347961000000.0
2.02161721,537665445000000.0
2.02469074,528156049000000.0
2.02776428,581039119000000.0
2.03083781,836839974000000.0
2.03391134,2.15960905e+16
2.03698488,444333895000000.0
2.04005841,247070446000000.0
2.04313195,212333466000000.0
2.04620548,201800056000000.0
2.04927902,194908441000000.0
2.05235255,187599171000000.0
2.05542608,178839527000000.0
2.05849962,168214588000000.0
2.06157315,155410403000000.0
2.06464669,140141348000000.0
2.06772022,122367285000000.0
2.07079376,103322273000000.0
2.07386729,89578150500000.0
2.07694083,101660109000000.0
2.08001436,164562908000000.0
2.08308789,300272500000000.0
2.08616143,585313911000000.0
2.08923496,1393482140000000.0
2.0923085,1.19274299e+16
2.09538203,3156673680000000.0
2.09845557,1929597330000000.0
2.1015291,2108070780000000.0
2.10460263,1.02237495e+16
2.10767617,1995751780000000.0
2.1107497,985928630000000.0
2.11382324,738673441000000.0
2.11689677,634082286000000.0
2.11997031,576518788000000.0
2.12304384,539503466000000.0
2.12611737,513170518000000.0
2.12919091,493060753000000.0
2.13226444,477075579000000.0
2.13533798,465640361000000.0
2.13841151,471496103000000.0
2.14148505,657219703000000.0
2.14455858,4107923060000000.0
2.14763211,891996993000000.0
2.15070565,720833739000000.0
2.15377918,689256806000000.0
2.15685272,708899249000000.0
2.15992625,780008058000000.0
2.16299979,959144015000000.0
2.16607332,1596519840000000.0
2.16914686,8427985470000000.0
2.17222039,662179122000000.0
2.17529392,268665760000000.0
2.17836746,194532324000000.0
2.18144099,197072752000000.0
2.18451453,211843825000000.0
2.18758806,225265985000000.0
2.1906616,235533351000000.0
2.19373513,242923839000000.0
2.19680866,247962406000000.0
2.1998822,251128180000000.0
2.20295573,252924012000000.0
2.20602927,254348410000000.0
2.2091028,258752552000000.0
2.21217634,281572465000000.0
2.21524987,421660676000000.0
2.2183234,3528685090000000.0
2.22139694,848134315000000.0
2.22447047,529161825000000.0
2.22754401,446492010000000.0
2.23061754,414076239000000.0
2.23369108,403022538000000.0
2.23676461,410294454000000.0
2.23983814,459648129000000.0
2.24291168,946187695000000.0
2.24598521,366301429000000.0
2.24905875,271492263000000.0
2.25213228,270174154000000.0
2.25520582,268780909000000.0
2.25827935,264214138000000.0
2.26135289,255965880000000.0
2.26442642,242722824000000.0
2.26749995,221316780000000.0
2.27057349,183758482000000.0
2.27364702,105922649000000.0
2.27672056,202405684000000.0
2.27979409,2492680080000000.0
2.28286763,688052240000000.0
2.28594116,528038836000000.0
2.28901469,468794726000000.0
2.29208823,438287507000000.0
2.29516176,419974662000000.0
2.2982353,408037921000000.0
2.30130883,399897022000000.0
2.30438237,394271180000000.0
2.3074559,390486564000000.0
2.31052943,388205406000000.0
2.31360297,387325639000000.0
2.3166765,387979031000000.0
2.31975004,390643958000000.0
2.32282357,396518948000000.0
2.32589711,408795645000000.0
2.32897064,438580451000000.0
2.33204417,564390691000000.0
2.33511771,122693848000000.0
2.33819124,243682431000000.0
2.34126478,285595525000000.0
2.34433831,300710313000000.0
2.34741185,306978132000000.0
2.35048538,308648809000000.0
2.35355892,306819645000000.0
2.35663245,301138202000000.0
2.35970598,289643199000000.0
2.36277952,266650563000000.0
2.36585305,212642382000000.0
2.36892659,145858731000000.0
2.37200012,976356010000000.0
2.37507366,548811748000000.0
2.37814719,477858885000000.0
2.38122072,450314712000000.0
2.38429426,436753890000000.0
2.38736779,429537672000000.0
2.39044133,425821415000000.0
2.39351486,424321125000000.0
2.3965884,424390587000000.0
2.39966193,425695067000000.0
2.40273546,428079850000000.0
2.405809,431660741000000.0
2.40888253,437339205000000.0
2.41195607,451043645000000.0
2.4150296,565607866000000.0
2.41810314,991601545000000.0
2.42117667,555663639000000.0
2.4242502,527706905000000.0
2.42732374,530746351000000.0
2.43039727,544914486000000.0
2.43347081,571707593000000.0
2.43654434,716169116000000.0
2.43961788,1233593080000000.0
2.44269141,836640826000000.0
2.44576495,883296438000000.0
2.44883848,1016013870000000.0
2.45191201,1265957670000000.0
2.45498555,1798812030000000.0
2.45805908,3526405870000000.0
2.46113262,3.9259551e+16
2.46420615,2728661650000000.0
2.46727969,1370046370000000.0
2.47035322,908271849000000.0
2.47342675,684249922000000.0
2.47650029,557719874000000.0
2.47957382,480435680000000.0
2.48264736,431208274000000.0
2.48572089,399209013000000.0
2.48879443,378372467000000.0
2.49186796,365122131000000.0
2.49494149,357229739000000.0
2.49801503,353305458000000.0
2.50108856,352497916000000.0
2.5041621,354325144000000.0
2.50723563,358581993000000.0
2.51030917,365297656000000.0
2.5133827,374731430000000.0
2.51645623,387403228000000.0
2.51952977,404158756000000.0
2.5226033,426259437000000.0
2.52567684,455420188000000.0
2.52875037,493383699000000.0
2.53182391,538880375000000.0
2.53489744,569615049000000.0
2.53797097,439479057000000.0
2.54104451,393581684000000.0
2.54411804,1166124580000000.0
2.54719158,970435607000000.0
2.55026511,721300676000000.0
2.55333865,565152921000000.0
2.55641218,469698707000000.0
2.55948572,408892612000000.0
2.56255925,368239603000000.0
2.56563278,339642347000000.0
2.56870632,318313813000000.0
2.57177985,301176707000000.0
2.57485339,285964117000000.0
2.57792692,270571786000000.0
2.58100046,252269931000000.0
2.58407399,226392137000000.0
2.58714752,184983012000000.0
2.59022106,253667810000000.0
2.59329459,1592254430000000.0
2.59636813,578499404000000.0
2.59944166,468235075000000.0
2.6025152,430070375000000.0
2.60558873,414184152000000.0
2.60866226,409333987000000.0
2.6117358,412244195000000.0
2.61480933,422593056000000.0
2.61788287,442108321000000.0
2.6209564,475224501000000.0
2.62402994,531765396000000.0
2.62710347,635475036000000.0
2.630177,858210340000000.0
2.63325054,1556326630000000.0
2.63632407,1.04431741e+17
2.63939761,1420317540000000.0
2.64247114,689965166000000.0
2.64554468,458192291000000.0
2.64861821,345960769000000.0
2.65169175,278064754000000.0
2.65476528,231686999000000.0
2.65783881,208396084000000.0
2.66091235,250642239000000.0
2.66398588,479202476000000.0
2.66705942,1466432830000000.0
2.67013295,8351818160000000.0
2.67320649,1768769150000000.0
2.67628002,1265131650000000.0
2.67935355,1185569510000000.0
2.68242709,1412571000000000.0
2.68550062,3711454140000000.0
2.68857416,1184423530000000.0
2.69164769,294574121000000.0
2.69472123,199364172000000.0
2.69779476,218715819000000.0
2.70086829,240981227000000.0
2.70394183,256299370000000.0
2.70701536,266146173000000.0
2.7100889,272191395000000.0
2.71316243,275494820000000.0
2.71623597,276641889000000.0
2.7193095,275882224000000.0
2.72238303,273195266000000.0
2.72545657,268289530000000.0
2.7285301,260535981000000.0
2.73160364,248814650000000.0
2.73467717,231346148000000.0
2.73775071,206021062000000.0
2.74082424,175455251000000.0
2.74389778,187076693000000.0
2.74697131,405000196000000.0
2.75004484,1143833140000000.0
2.75311838,3747210940000000.0
2.75619191,9088091660000000.0
2.75926545,4767226030000000.0
2.76233898,2068478050000000.0
2.76541252,1147806000000000.0
2.76848605,764626459000000.0
2.77155958,578329981000000.0
2.77463312,477932575000000.0
2.77770665,419592035000000.0
2.78078019,384144835000000.0
2.78385372,365097727000000.0
2.78692726,373942277000000.0
2.79000079,521896430000000.0
2.79307432,4630829280000000.0
2.79614786,972539527000000.0
2.79922139,617293816000000.0
2.80229493,522908740000000.0
2.80536846,483385762000000.0
2.808442,464504372000000.0
2.81151553,456342769000000.0
2.81458906,455482226000000.0
2.8176626,461151927000000.0
2.82073613,474423374000000.0
2.82380967,498841796000000.0
2.8268832,543395918000000.0
2.82995674,634148049000000.0
2.83303027,882683667000000.0
2.83610381,3219196280000000.0
2.83917734,708399901000000.0
2.84225087,212116658000000.0
2.84532441,154992560000000.0
2.84839794,167704019000000.0
2.85147148,183035841000000.0
2.85454501,193104651000000.0
2.85761855,198074041000000.0
2.86069208,198688244000000.0
2.86376561,195694807000000.0
2.86683915,190847047000000.0
2.86991268,191017037000000.0
2.87298622,222311809000000.0
2.87605975,362425836000000.0
2.87913329,860396719000000.0
2.88220682,4460631530000000.0
2.88528035,4289391470000000.0
2.88835389,2685479400000000.0
2.89142742,3936837760000000.0
2.89450096,7854240830000000.0
2.89757449,1271042600000000.0
2.90064803,611349835000000.0
2.90372156,412767354000000.0
2.90679509,338513549000000.0
2.90986863,307558626000000.0
2.91294216,292929626000000.0
2.9160157,284659490000000.0
2.91908923,278817729000000.0
2.92216277,273804019000000.0
2.9252363,269114647000000.0
2.92830984,265167284000000.0
2.93138337,264091175000000.0
2.9344569,272680581000000.0
2.93753044,311760474000000.0
2.94060397,446400691000000.0
2.94367751,948947761000000.0
2.94675104,1.04166111e+16
2.94982458,1857946450000000.0
2.95289811,1072257900000000.0
2.95597164,856262970000000.0
2.95904518,774584867000000.0
2.96211871,756352614000000.0
2.96519225,794022646000000.0
2.96826578,929514797000000.0
2.97133932,1420872070000000.0
2.97441285,1.12622236e+17
2.97748638,859465952000000.0
2.98055992,392352081000000.0
2.98363345,295336321000000.0
2.98670699,273531803000000.0
2.98978052,269315630000000.0
2.99285406,268645156000000.0
2.99592759,268014860000000.0
2.99900112,266854327000000.0
3.00207466,265951271000000.0
3.00514819,267853637000000.0
3.00822173,279056412000000.0
3.01129526,315469817000000.0
3.0143688,414520209000000.0
3.01744233,671283988000000.0
3.02051587,1463623590000000.0
3.0235894,9806619570000000.0
3.02666293,3587084440000000.0
3.02973647,1968037690000000.0
